# Ising model
# calculation of impurity tensor
# "HOSVD optimization" is on
# Fisher's parametrization
# D=8, h=1.000000E-14
# Temp		Free energy		Magnetization		Pseudo entr		X1			X2			Sing values												Iter
1.000000E-01	-2.0000000000000102E+00	-1.0000000000000000E+00	0.0000000000000000E+00	1.0000000000000000E+00	1.0000000000000000E+00	1.0000000000000000E+00	4.2483542552907546E-18	4.2483542552907546E-18	1.8048513878447062E-35		49
1.100000E-01	-2.0000000000000098E+00	-1.0000000000000000E+00	3.7815867548969639E-30	1.0000000000000000E+00	1.0000000000000000E+00	1.0000000000000000E+00	1.6124022122261089E-16	1.6124022122261087E-16	2.5998408939916497E-32		49
1.200000E-01	-2.0000000000000098E+00	-1.0000000000000004E+00	1.4858442104533182E-27	1.0000000000000000E+00	1.0000000000000000E+00	1.0000000000000000E+00	3.3382377953644699E-15	3.3382377953644691E-15	1.1143831578399834E-29		49
1.300000E-01	-2.0000000000000098E+00	-1.0000000000000000E+00	2.3139946972074248E-25	1.0000000000000000E+00	1.0000000000000000E+00	1.0000000000000000E+00	4.3360358525743655E-14	4.3360358525743623E-14	2.5590502794568591E-18		49
1.400000E-01	-2.0000000000000102E+00	-9.9999999999999978E-01	1.7424663891845732E-23	1.0000000000000000E+00	1.0000000000000000E+00	1.0000000000000000E+00	3.9046870432040226E-13	3.9046870432040186E-13	1.5246580905365357E-25		49
1.500000E-01	-2.0000000000000102E+00	-1.0000000000000002E+00	7.3393289861834457E-22	1.0000000000000000E+00	1.0000000000000000E+00	1.0000000000000000E+00	2.6230937696827203E-12	2.6230937696827191E-12	6.8806209245483016E-24		49
1.600000E-01	-2.0000000000000102E+00	-1.0000000000000002E+00	1.9287498480684720E-20	1.0000000000000000E+00	1.0000000000000000E+00	1.0000000000000000E+00	1.3887943865348127E-11	1.3887943865348120E-11	1.9287498480706057E-22		49
1.700000E-01	-2.0000000000000102E+00	-1.0000000000000000E+00	3.4378243052330390E-19	1.0000000000000000E+00	1.0000000000000000E+00	1.0000000000000000E+00	6.0437474503232285E-11	6.0437474503232272E-11	3.9365781106359850E-17		50
1.800000E-01	-2.0000000000000102E+00	-1.0000000000000000E+00	4.4347639085788607E-18	1.0000000000000000E+00	1.0000000000000000E+00	1.0000000000000000E+00	2.2336314372007510E-10	2.2336314372007494E-10	4.9891093972514890E-20		50
1.900000E-01	-2.0000000000000098E+00	-9.9999999999999978E-01	4.3579569359909166E-17	1.0000000000000000E+00	1.0000000000000000E+00	1.0000000000000000E+00	7.1937986223155157E-10	7.1937986223155147E-10	5.1750738618428609E-19		50
2.000000E-01	-2.0000000000000102E+00	-1.0000000000000002E+00	3.3986834315529930E-16	1.0000000000000000E+00	1.0000000000000000E+00	1.0000000000000000E+00	2.0611536309350825E-09	2.0611536309350821E-09	4.2483542903168736E-18		50
2.100000E-01	-2.0000000000000102E+00	-9.9999999999999978E-01	2.1744478951016976E-15	1.0000000000000000E+00	1.0000000000000000E+00	1.0000000000000000E+00	5.3422493988224249E-09	5.3422493988224241E-09	2.8539628639218559E-17		50
2.200000E-01	-2.0000000000000107E+00	-1.0000000000000000E+00	1.2170651332550829E-14	1.0000000000000000E+00	1.0000000000000000E+00	9.9999999999999978E-01	1.2698040376859442E-08	1.2698040376859437E-08	1.6124022941235270E-16		50
2.300000E-01	-2.0000000000000098E+00	-9.9999999999999845E-01	5.6288991329631882E-14	1.0000000000000000E+00	1.0000000000000000E+00	9.9999999999999911E-01	2.7993197804461655E-08	2.7993197804461632E-08	7.8361912331971677E-16		50
2.400000E-01	-2.0000000000000098E+00	-9.9999999999999356E-01	2.2921057439572661E-13	1.0000000000000000E+00	1.0000000000000000E+00	9.9999999999999667E-01	5.7777491870663753E-08	5.7777491870663727E-08	3.3382385668646260E-15		50
2.500000E-01	-2.0000000000000129E+00	-9.9999999999997402E-01	8.3582003354423166E-13	1.0000000000000000E+00	1.0000000000000000E+00	9.9999999999998734E-01	1.1253520004759107E-07	1.1253520004759095E-07	1.2664171249751488E-14		50
2.600000E-01	-2.0000000000000213E+00	-9.9999999999991318E-01	2.7549293016421242E-12	1.0000000000000000E+00	1.0000000000000000E+00	9.9999999999995670E-01	2.0823158896224335E-07	2.0823158896224314E-07	4.3360394641742495E-14		50
2.700000E-01	-2.0000000000000462E+00	-9.9999999999972911E-01	8.3019417862778066E-12	1.0000000000000000E+00	1.0000000000000000E+00	9.9999999999986455E-01	3.6813575087844744E-07	3.6813575087844697E-07	1.3552393107485646E-13		50
2.800000E-01	-2.0000000000001190E+00	-9.9999999999921918E-01	2.3093704128117029E-11	1.0000000000000000E+00	1.0000000000000000E+00	9.9999999999960942E-01	6.2487573188514349E-07	6.2487573188514307E-07	3.9046968029914596E-13		50
2.900000E-01	-2.0000000000003135E+00	-9.9999999999790912E-01	5.9793048830281063E-11	1.0000000000000000E+00	1.0000000000000000E+00	9.9999999999895417E-01	1.0226621262164330E-06	1.0226621262164318E-06	1.0458378243986079E-12		50
3.000000E-01	-2.0000000000007976E+00	-9.9999999999475353E-01	1.4514523255294080E-10	1.0000000000000000E+00	1.0000000000000000E+00	9.9999999999737699E-01	1.6196020385255481E-06	1.6196020385255472E-06	2.6231107632029890E-12		50
3.100000E-01	-2.0000000000019318E+00	-9.9999999998759914E-01	3.3240983437971595E-10	1.0000000000000000E+00	1.0000000000000000E+00	9.9999999999379985E-01	2.4900174825280454E-06	2.4900174825280441E-06	6.2001870633337435E-12		50
3.200000E-01	-2.0000000000044542E+00	-9.9999999997222400E-01	7.2218357827653653E-10	1.0000000000000000E+00	1.0000000000000000E+00	9.9999999998611178E-01	3.7266809482767436E-06	3.7266809482767419E-06	1.3888150890441722E-11		51
3.300000E-01	-2.0000000000097864E+00	-9.9999999994075006E-01	1.4956123502140157E-09	1.0000000000000000E+00	1.0000000000000000E+00	9.9999999997037503E-01	5.4428853883411484E-06	5.4428853883411425E-06	2.9625001351495184E-11		51
3.400000E-01	-2.0000000000205596E+00	-9.9999999987912125E-01	2.9650799956799279E-09	1.0000000000000000E+00	1.0000000000000000E+00	9.9999999993956057E-01	7.7742751401897458E-06	7.7742751401897407E-06	6.0439353959025171E-11		51
3.500000E-01	-2.0000000000414424E+00	-9.9999999976323484E-01	5.6485311223724365E-09	1.0000000000000000E+00	1.0000000000000000E+00	9.9999999988161736E-01	1.0880376984593393E-05	1.0880376984593384E-05	1.1838260334088394E-10		51
3.600000E-01	-2.0000000000804237E+00	-9.9999999955324692E-01	1.0374570478297311E-08	1.0000000000000000E+00	1.0000000000000000E+00	9.9999999977662357E-01	1.4945785271098511E-05	1.4945785271098489E-05	2.2337649741968194E-10		51
3.700000E-01	-2.0000000001506946E+00	-9.9999999918545668E-01	1.8426221046009463E-08	1.0000000000000000E+00	1.0000000000000000E+00	9.9999999959272845E-01	2.0180970563671278E-05	2.0180970563671272E-05	4.0727157305763653E-10		51
3.800000E-01	-2.0000000002733893E+00	-9.9999999856108568E-01	3.1731688303478103E-08	1.0000000000000000E+00	1.0000000000000000E+00	9.9999999928054284E-01	2.6822696511871984E-05	2.6822696511871943E-05	7.1945704868560691E-10		51
3.900000E-01	-2.0000000004813923E+00	-9.9999999753119706E-01	5.3110548887119264E-08	1.0000000000000000E+00	1.0000000000000000E+00	9.9999999876559897E-01	3.5134043813897551E-05	3.5134043813897524E-05	1.2344010362406176E-09		51
4.000000E-01	-2.0000000008245462E+00	-9.9999999587694388E-01	8.6583427280189766E-08	1.0000000000000000E+00	1.0000000000000000E+00	9.9999999793847194E-01	4.5404052631278697E-05	4.5404052631278609E-05	2.0615279995938198E-09		51
4.100000E-01	-2.0000000013765713E+00	-9.9999999328428968E-01	1.3775241527601487E-07	1.0000000000000000E+00	1.0000000000000000E+00	9.9999999664214445E-01	5.7947005291708809E-05	5.7947005291708762E-05	3.3578554335525198E-09		51
4.200000E-01	-2.0000000022440831E+00	-9.9999998931237588E-01	2.1425827739546209E-07	1.0000000000000000E+00	1.0000000000000000E+00	9.9999999465618827E-01	7.3101379421570677E-05	7.3101379421570622E-05	5.3438117018927573E-09		51
4.300000E-01	-2.0000000035780925E+00	-9.9999998335472884E-01	3.2631886060312750E-07	1.0000000000000000E+00	1.0000000000000000E+00	9.9999999167735953E-01	9.1228507783856197E-05	9.1228507783856143E-05	8.3226407017354522E-09		51
4.400000E-01	-2.0000000055884066E+00	-9.9999997459245871E-01	4.8735121759169587E-07	1.0000000000000000E+00	1.0000000000000000E+00	9.9999998729623341E-01	1.1271098517676955E-04	1.1271098517676944E-04	1.2703766340903637E-08		51
4.500000E-01	-2.0000000085613467E+00	-9.9999996193910834E-01	7.1467780020703789E-07	1.0000000000000000E+00	1.0000000000000000E+00	9.9999998096955844E-01	1.3795086496904083E-04	1.3795086496904072E-04	1.9030441507864230E-08		51
4.600000E-01	-2.0000000128811908E+00	-9.9999994397610437E-01	1.0303148637654604E-06	1.0000000000000000E+00	1.0000000000000000E+00	9.9999997198805590E-01	1.6736768845310569E-04	1.6736768845310556E-04	2.8011943922804840E-08		51
4.700000E-01	-2.0000000190557699E+00	-9.9999991887899498E-01	1.4618388877175827E-06	1.0000000000000000E+00	1.0000000000000000E+00	9.9999995943949282E-01	2.0139638945235159E-04	2.0139638945235145E-04	4.0560507329597996E-08		51
4.800000E-01	-2.0000000277465446E+00	-9.9999988433381415E-01	2.0433247064224768E-06	1.0000000000000000E+00	1.0000000000000000E+00	9.9999994216690613E-01	2.4048511479106928E-04	2.4048511479106912E-04	5.7833093780740455E-08		51
4.900000E-01	-2.0000000398035320E+00	-9.9999983744395016E-01	2.8163469630571568E-06	1.0000000000000000E+00	1.0000000000000000E+00	9.9999991872197558E-01	2.8509299858185796E-04	2.8509299858185780E-04	8.1278024446512494E-08		51
5.000000E-01	-2.0000000563053781E+00	-9.9999977462720924E-01	3.8310347964419672E-06	1.0000000000000000E+00	1.0000000000000000E+00	9.9999988731360434E-01	3.3568792503900838E-04	3.3568792503900827E-04	1.1268639571521858E-07		51
5.100000E-01	-2.0000000786047525E+00	-9.9999969150376489E-01	5.1471681515732387E-06	1.0000000000000000E+00	1.0000000000000000E+00	9.9999984575188250E-01	3.9274431089592271E-04	3.9274431089592255E-04	1.5424811753359488E-07		51
5.200000E-01	-2.0000001083793153E+00	-9.9999958277535028E-01	6.8353030317862229E-06	1.0000000000000000E+00	1.0000000000000000E+00	9.9999979138767503E-01	4.5674093466727296E-04	4.5674093466727274E-04	2.0861232491983617E-07		51
5.300000E-01	-2.0000001476882909E+00	-9.9999944209634151E-01	8.9779122275729945E-06	1.0000000000000000E+00	1.0000000000000000E+00	9.9999972104816615E-01	5.2815883609984304E-04	5.2815883609984239E-04	2.7895183396446604E-07		51
5.400000E-01	-2.0000001990347309E+00	-9.9999926193752331E-01	1.1670527684848877E-05	1.0000000000000000E+00	1.0000000000000000E+00	9.9999963096875744E-01	6.0747930531955476E-04	6.0747930531955389E-04	3.6903124257558628E-07		51
5.500000E-01	-2.0000002654334028E+00	-9.9999903344356889E-01	1.5022870628729895E-05	1.0000000000000000E+00	1.0000000000000000E+00	9.9999951672178466E-01	6.9518197749663302E-04	6.9518197749663280E-04	4.8327821539396250E-07		51
5.600000E-01	-2.0000003504842012E+00	-9.9999874628510321E-01	1.9159955879431781E-05	1.0000000000000000E+00	1.0000000000000000E+00	9.9999937314255705E-01	7.9174304538547741E-04	7.9174304538547633E-04	6.2685744286652304E-07		51
5.700000E-01	-2.0000004584509381E+00	-9.9999838850654377E-01	2.4223157371217676E-05	1.0000000000000000E+00	1.0000000000000000E+00	9.9999919425327277E-01	8.9763359889757130E-04	8.9763359889757010E-04	8.0574672709759340E-07		51
5.800000E-01	-2.0000005943452184E+00	-9.9999794637076134E-01	3.0371222766301988E-05	1.0000000000000000E+00	1.0000000000000000E+00	9.9999897318537811E-01	1.0133180979641919E-03	1.0133180979641906E-03	1.0268146220100343E-06		51
5.900000E-01	-2.0000007640151609E+00	-9.9999740420189887E-01	3.7781226108748847E-05	1.0000000000000000E+00	1.0000000000000000E+00	9.9999870210095754E-01	1.1392529823561132E-03	1.1392529823561128E-03	1.2978990423492226E-06		51
6.000000E-01	-2.0000009742385769E+00	-9.9999674422746776E-01	4.6649448702823263E-05	1.0000000000000000E+00	1.0000000000000000E+00	9.9999837211374520E-01	1.2758854198545587E-03	1.2758854198545583E-03	1.6278862546111019E-06		51
6.100000E-01	-2.0000012328202232E+00	-9.9999594642063194E-01	5.7192179777780510E-05	1.0000000000000000E+00	1.0000000000000000E+00	9.9999797321032780E-01	1.4236521922023021E-03	1.4236521922023019E-03	2.0267896722387960E-06		51
6.200000E-01	-2.0000015486926985E+00	-9.9999498834416689E-01	6.9646429909424185E-05	1.0000000000000000E+00	1.0000000000000000E+00	9.9999749417210348E-01	1.5829787166000940E-03	1.5829787166000936E-03	2.5058278963823271E-06		51
6.300000E-01	-2.0000019320204951E+00	-9.9999384499698574E-01	8.4270551650752657E-05	1.0000000000000000E+00	1.0000000000000000E+00	9.9999692249852901E-01	1.7542781991251512E-03	1.7542781991251493E-03	3.0775014709410839E-06		51
6.400000E-01	-2.0000023943067351E+00	-9.9999248866417589E-01	1.0134476330378255E-04	1.0000000000000000E+00	1.0000000000000000E+00	9.9999624433214485E-01	1.9379509153236343E-03	1.9379509153236336E-03	3.7556678552447492E-06		51
6.500000E-01	-2.0000029485020687E+00	-9.9999088877150510E-01	1.2117157317663107E-04	1.0000000000000000E+00	1.0000000000000000E+00	9.9999544438584154E-01	2.1343836123373806E-03	2.1343836123373801E-03	4.5556141582347246E-06		51
6.600000E-01	-2.0000036091152102E+00	-9.9998901174526100E-01	1.4407610305223562E-04	1.0000000000000000E+00	1.0000000000000000E+00	9.9999450587277683E-01	2.3439490262490287E-03	2.3439490262490278E-03	5.4941272230877118E-06		52
6.700000E-01	-2.0000043923245943E+00	-9.9998682087815460E-01	1.7040631089886848E-04	1.0000000000000000E+00	1.0000000000000000E+00	9.9999341043930035E-01	2.5670055078399899E-03	2.5670055078399895E-03	6.5895606995910573E-06		52
6.800000E-01	-2.0000053160906344E+00	-9.9998427620171770E-01	2.0053311400480887E-04	1.0000000000000000E+00	1.0000000000000000E+00	9.9999213810120802E-01	2.8038967496327471E-03	2.8038967496327471E-03	7.8618987920536984E-06		52
6.900000E-01	-2.0000064002680622E+00	-9.9998133436607839E-01	2.3485041483422425E-04	1.0000000000000000E+00	1.0000000000000000E+00	9.9999066718357810E-01	3.0549516069105576E-03	3.0549516069105537E-03	9.3328164220277542E-06		52
7.000000E-01	-2.0000076667178561E+00	-9.9997794852717392E-01	2.7377503282495990E-04	1.0000000000000000E+00	1.0000000000000000E+00	9.9998897426440325E-01	3.3204840053467958E-03	3.3204840053467940E-03	1.1025735596609345E-05		52
7.100000E-01	-2.0000091394182804E+00	-9.9997406824188040E-01	3.1774654619280782E-04	1.0000000000000000E+00	1.0000000000000000E+00	9.9998703412217627E-01	3.6007929279246783E-03	3.6007929279246783E-03	1.2965877823780115E-05		52
7.200000E-01	-2.0000108445745752E+00	-9.9996963937140371E-01	3.6722704851165067E-04	1.0000000000000000E+00	1.0000000000000000E+00	9.9998481968753472E-01	3.8961624739558697E-03	3.8961624739558684E-03	1.5180312465348458E-05		52
7.300000E-01	-2.0000128107268709E+00	-9.9996460399269715E-01	4.2270082539782992E-04	1.0000000000000000E+00	1.0000000000000000E+00	9.9998230199903504E-01	4.2068619832061659E-03	4.2068619832061581E-03	1.7698000964983443E-05		52
7.400000E-01	-2.0000150688559186E+00	-9.9995890031830226E-01	4.8467395711225477E-04	1.0000000000000000E+00	1.0000000000000000E+00	9.9997945016306666E-01	4.5331462183895391E-03	4.5331462183895374E-03	2.0549836933097345E-05		52
7.500000E-01	-2.0000176524862838E+00	-9.9995246262448423E-01	5.5367385321830403E-04	1.0000000000000000E+00	1.0000000000000000E+00	9.9997623131788826E-01	4.8752555995895145E-03	4.8752555995895111E-03	2.3768682111578219E-05		52
7.600000E-01	-2.0000205977866314E+00	-9.9994522118733120E-01	6.3024872568990013E-04	1.0000000000000000E+00	1.0000000000000000E+00	9.9997261060172060E-01	5.2334164844907516E-03	5.2334164844907508E-03	2.7389398279277629E-05		52
7.700000E-01	-2.0000239436668372E+00	-9.9993710222681720E-01	7.1496700698651342E-04	1.0000000000000000E+00	1.0000000000000000E+00	9.9996855112480654E-01	5.6078414886521506E-03	5.6078414886521506E-03	3.1448875193599309E-05		52
7.800000E-01	-2.0000277318716306E+00	-9.9992802785862711E-01	8.0841671969149613E-04	1.0000000000000000E+00	1.0000000000000000E+00	9.9996401394530543E-01	5.9987298404178451E-03	5.9987298404178399E-03	3.5986054694451947E-05		52
7.900000E-01	-2.0000320070705291E+00	-9.9991791605325342E-01	9.1120480425911589E-04	1.0000000000000000E+00	1.0000000000000000E+00	9.9995895804887591E-01	6.4062677654254134E-03	6.4062677654254125E-03	4.1041951124080790E-05		52
8.000000E-01	-2.0000368169438727E+00	-9.9990668060207832E-01	1.0239564113563300E-03	1.0000000000000000E+00	1.0000000000000000E+00	9.9995334033175987E-01	6.8306288960404832E-03	6.8306288960404823E-03	4.6659668240063526E-05		52
8.100000E-01	-2.0000422122647872E+00	-9.9989423109018949E-01	1.1473141650949342E-03	1.0000000000000000E+00	1.0000000000000000E+00	9.9994711558718075E-01	7.2719747014150671E-03	7.2719747014150576E-03	5.2884412819139926E-05		52
8.200000E-01	-2.0000482469769336E+00	-9.9988047287519743E-01	1.2819374032836991E-03	1.0000000000000000E+00	1.0000000000000000E+00	9.9994023649483355E-01	7.7304549342169680E-03	7.7304549342169637E-03	5.9763505166509220E-05		52
8.300000E-01	-2.0000549782679329E+00	-9.9986530707189458E-01	1.4285014005648844E-03	1.0000000000000000E+00	1.0000000000000000E+00	9.9993265361324069E-01	8.2062080904274221E-03	8.2062080904274168E-03	6.7346386759205949E-05		52
8.400000E-01	-2.0000624666383948E+00	-9.9984863054213136E-01	1.5876965800285653E-03	1.0000000000000000E+00	1.0000000000000000E+00	9.9992431537473681E-01	8.6993618789372121E-03	8.6993618789372052E-03	7.5684625263207152E-05		52
8.500000E-01	-2.0000707759665000E+00	-9.9983033588934322E-01	1.7602277186071890E-03	1.0000000000000000E+00	1.0000000000000000E+00	9.9991516808282754E-01	9.2100336979842289E-03	9.2100336979842184E-03	8.4831917172176072E-05		52
8.600000E-01	-2.0000799735681127E+00	-9.9981031145747856E-01	1.9468131512075687E-03	1.0000000000000000E+00	1.0000000000000000E+00	9.9990515591167828E-01	9.7383311157817742E-03	9.7383311157817638E-03	9.4844088321692979E-05		52
8.700000E-01	-2.0000901302524201E+00	-9.9978844133339051E-01	2.1481839782385402E-03	1.0000000000000000E+00	1.0000000000000000E+00	9.9989422090746372E-01	1.0284352352964668E-02	1.0284352352964663E-02	1.0577909253634762E-04		52
8.800000E-01	-2.0001013203731262E+00	-9.9976460535261191E-01	2.3650832808132503E-03	1.0000000000000000E+00	1.0000000000000000E+00	9.9988230299133096E-01	1.0848186764755876E-02	1.0848186764755866E-02	1.1769700866887406E-04		52
8.900000E-01	-2.0001136218752533E+00	-9.9973867910773062E-01	2.5982653475924745E-03	1.0000000000000000E+00	1.0000000000000000E+00	9.9986933996370975E-01	1.1429915320994546E-02	1.1429915320994542E-02	1.3066003629018917E-04		52
9.000000E-01	-2.0001271163376022E+00	-9.9971053395885512E-01	2.8484949168865654E-03	1.0000000000000000E+00	1.0000000000000000E+00	9.9985526750971243E-01	1.2029611082407951E-02	1.2029611082407935E-02	1.4473249028773691E-04		52
9.100000E-01	-2.0001418890109597E+00	-9.9968003704577413E-01	3.1165464372830726E-03	1.0000000000000000E+00	1.0000000000000000E+00	9.9984001920537369E-01	1.2647339671714575E-02	1.2647339671714570E-02	1.5998079462637449E-04		52
9.200000E-01	-2.0001580288521525E+00	-9.9964705130118803E-01	3.4032033497583135E-03	1.0000000000000000E+00	1.0000000000000000E+00	9.9982352652447792E-01	1.3283159738353601E-02	1.3283159738353584E-02	1.7647347552218073E-04		52
9.300000E-01	-2.0001756285540684E+00	-9.9961143546461417E-01	3.7092573939128668E-03	1.0000000000000000E+00	1.0000000000000000E+00	9.9980571884572578E-01	1.3937123415811227E-02	1.3937123415811218E-02	1.9428115427445956E-04		52
9.400000E-01	-2.0001947845717432E+00	-9.9957304409637571E-01	4.0355079406536650E-03	1.0000000000000000E+00	1.0000000000000000E+00	9.9978652346000474E-01	1.4609276770677838E-02	1.4609276770677838E-02	2.1347653999539539E-04		52
9.500000E-01	-2.0002155971446789E+00	-9.9953172759127418E-01	4.3827613533721724E-03	1.0000000000000000E+00	1.0000000000000000E+00	9.9976586557752911E-01	1.5299660242733791E-02	1.5299660242733788E-02	2.3413442247087468E-04		52
9.600000E-01	-2.0002381703155216E+00	-9.9948733219148045E-01	4.7518303793888219E-03	1.0000000000000000E+00	1.0000000000000000E+00	9.9974366833462103E-01	1.6008309075484534E-02	1.6008309075484534E-02	2.5633166537891629E-04		52
9.700000E-01	-2.0002626119452476E+00	-9.9943969999812943E-01	5.1435335731790108E-03	1.0000000000000000E+00	1.0000000000000000E+00	9.9971985279991438E-01	1.6735253736703457E-02	1.6735253736703429E-02	2.8014720008556239E-04		52
9.800000E-01	-2.0002890337250321E+00	-9.9938866898134393E-01	5.5586947526547010E-03	1.0000000000000000E+00	1.0000000000000000E+00	9.9969433797976903E-01	1.7480520328648927E-02	1.7480520328648899E-02	3.0566202023091953E-04		52
9.900000E-01	-2.0003175511849629E+00	-9.9933407298792354E-01	5.9981424895551375E-03	1.0000000000000000E+00	1.0000000000000000E+00	9.9966704082268909E-01	1.8244130987715382E-02	1.8244130987715365E-02	3.3295917731067192E-04		52
1.000000E+00	-2.0003482836997390E+00	-9.9927574174682943E-01	6.4627096347995884E-03	1.0000000000000000E+00	1.0000000000000000E+00	9.9963787622254796E-01	1.9026104273391999E-02	1.9026104273391974E-02	3.6212377745218098E-04		52
1.010000E+00	-2.0003813544915756E+00	-9.9921350087148342E-01	6.9532328794712156E-03	1.0000000000000000E+00	1.0000000000000000E+00	9.9960675702042334E-01	1.9826455546456571E-02	1.9826455546456557E-02	3.9324297957660443E-04		52
1.020000E+00	-2.0004168906304436E+00	-9.9914717185894808E-01	7.4705523519084599E-03	1.0000000000000000E+00	1.0000000000000000E+00	9.9957359400486723E-01	2.0645197336426516E-02	2.0645197336426512E-02	4.2640599513267747E-04		52
1.030000E+00	-2.0004550230318503E+00	-9.9907657208535339E-01	8.0155112512731962E-03	1.0000000000000000E+00	1.0000000000000000E+00	9.9953829591041854E-01	2.1482339698343955E-02	2.1482339698343931E-02	4.6170408958138025E-04		52
1.040000E+00	-2.0004958864523168E+00	-9.9900151479737920E-01	8.5889555177813496E-03	1.0000000000000000E+00	1.0000000000000000E+00	9.9950076941419497E-01	2.2337890559030817E-02	2.2337890559030779E-02	4.9923058580504057E-04		52
1.050000E+00	-2.0005396194827414E+00	-9.9892180909919492E-01	9.1917335396941181E-03	1.0000000000000000E+00	1.0000000000000000E+00	9.9946091913039081E-01	2.3211856053001894E-02	2.3211856053001859E-02	5.3908086960925846E-04		52
1.060000E+00	-2.0005863645398110E+00	-9.9883725993499572E-01	9.8246958970494066E-03	1.0000000000000000E+00	1.0000000000000000E+00	9.9941864760251853E-01	2.4104240848270061E-02	2.4104240848270043E-02	5.8135239748146792E-04		52
1.070000E+00	-2.0006362678556524E+00	-9.9874766806607296E-01	1.0488695142026459E-02	1.0000000000000000E+00	1.0000000000000000E+00	9.9937385529323441E-01	2.5015048462314199E-02	2.5015048462314199E-02	6.2614470676573841E-04		52
1.080000E+00	-2.0006894794658665E+00	-9.9865283004287142E-01	1.1184585615765677E-02	1.0000000000000000E+00	1.0000000000000000E+00	9.9932644057158981E-01	2.5944281568518492E-02	2.5944281568518461E-02	6.7355942841016781E-04		52
1.090000E+00	-2.0007461531961539E+00	-9.9855253817112610E-01	1.1913223301391636E-02	1.0000000000000000E+00	1.0000000000000000E+00	9.9927629969755938E-01	2.6891942293425123E-02	2.6891942293425088E-02	7.2370030244065832E-04		52
1.100000E+00	-2.0008064466476463E+00	-9.9844658047205426E-01	1.2675465712956951E-02	1.0000000000000000E+00	1.0000000000000000E+00	9.9922332680368764E-01	2.7858032505161754E-02	2.7858032505161726E-02	7.7667319631251851E-04		52
1.110000E+00	-2.0008705211811617E+00	-9.9833474063616945E-01	1.3472171819969094E-02	1.0000000000000000E+00	1.0000000000000000E+00	9.9916741387370933E-01	2.8842554093441344E-02	2.8842554093441327E-02	8.3258612629078096E-04		52
1.120000E+00	-2.0009385419005055E+00	-9.9821679797049068E-01	1.4304202007148071E-02	1.0000000000000000E+00	1.0000000000000000E+00	9.9910845071799081E-01	2.9845509241541588E-02	2.9845509241541588E-02	8.9154928200919567E-04		52
1.130000E+00	-2.0010106776349863E+00	-9.9809252733874787E-01	1.5172418069051275E-02	1.0000000000000000E+00	1.0000000000000000E+00	9.9904632494564094E-01	3.0866900690702460E-02	3.0866900690702397E-02	9.5367505435899297E-04		52
1.140000E+00	-2.0010871009212994E+00	-9.9796169909428234E-01	1.6077683239194108E-02	1.0000000000000000E+00	1.0000000000000000E+00	9.9898092193314025E-01	3.1906731997392995E-02	3.1906731997392995E-02	1.0190780668598166E-03		52
1.150000E+00	-2.0011679879849367E+00	-9.9782407900530812E-01	1.7020862253300417E-02	1.0000000000000000E+00	1.0000000000000000E+00	9.9891212478933278E-01	3.2965007783907471E-02	3.2965007783907464E-02	1.0878752106670644E-03		52
1.160000E+00	-2.0012535187212426E+00	-9.9767942817234934E-01	1.8002821446344443E-02	1.0000000000000000E+00	1.0000000000000000E+00	9.9883981431662505E-01	3.4041733982789930E-02	3.4041733982789875E-02	1.1601856833749410E-03		52
1.170000E+00	-2.0013438766762892E+00	-9.9752750293721137E-01	1.9024428883067317E-02	1.0000000000000000E+00	1.0000000000000000E+00	9.9876386896822322E-01	3.5136918075569006E-02	3.5136918075568957E-02	1.2361310317769679E-03		52
1.180000E+00	-2.0014392490276838E+00	-9.9736805478346058E-01	2.0086554521683661E-02	1.0000000000000000E+00	1.0000000000000000E+00	9.9868416480124700E-01	3.6250569326327524E-02	3.6250569326327489E-02	1.3158351987531546E-03		52
1.190000E+00	-2.0015398265654665E+00	-9.9720083022790873E-01	2.1190070410553093E-02	1.0000000000000000E+00	1.0000000000000000E+00	9.9860057542554070E-01	3.7382699010633985E-02	3.7382699010633944E-02	1.3994245744592545E-03		52
1.200000E+00	-2.0016458036731932E+00	-9.9702557070263975E-01	2.2335850917624262E-02	1.0000000000000000E+00	1.0000000000000000E+00	9.9851297194799948E-01	3.8533320640363314E-02	3.8533320640363279E-02	1.4870280520004847E-03		52
1.210000E+00	-2.0017573783093812E+00	-9.9684201242738479E-01	2.3524772992549677E-02	1.0000000000000000E+00	1.0000000000000000E+00	9.9842122291221636E-01	3.9702450184979345E-02	3.9702450184979310E-02	1.5787770877836748E-03		52
1.220000E+00	-2.0018747519893956E+00	-9.9664988627179496E-01	2.4757716461413580E-02	1.0000000000000000E+00	1.0000000000000000E+00	9.9832519423324972E-01	4.0890106289835658E-02	4.0890106289835609E-02	1.6748057667503955E-03		53
1.230000E+00	-2.0019981297679230E+00	-9.9644891760694521E-01	2.6035564354107667E-02	1.0000000000000000E+00	1.0000000000000000E+00	9.9822474912729342E-01	4.2096310492080707E-02	4.2096310492080638E-02	1.7752508727067067E-03		52
1.240000E+00	-2.0021277202221319E+00	-9.9623882614598092E-01	2.7359203264469938E-02	1.0000000000000000E+00	1.0000000000000000E+00	9.9811974803602177E-01	4.3321087434760611E-02	4.3321087434760597E-02	1.8802519639782155E-03		52
1.250000E+00	-2.0022637354356645E+00	-9.9601932577330221E-01	2.8729523743403207E-02	1.0000000000000000E+00	1.0000000000000000E+00	9.9801004854536501E-01	4.4564465079738408E-02	4.4564465079738311E-02	1.9899514546350243E-03		52
1.260000E+00	-2.0024063909835439E+00	-9.9579012436152337E-01	3.0147420725273752E-02	1.0000000000000000E+00	1.0000000000000000E+00	9.9789550529845394E-01	4.5826474920043513E-02	4.5826474920043395E-02	2.1044947015462071E-03		53
1.270000E+00	-2.0025559059181046E+00	-9.9555092357620278E-01	3.1613793988010293E-02	1.0000000000000000E+00	1.0000000000000000E+00	9.9777596990245654E-01	4.7107152192301618E-02	4.7107152192301605E-02	2.2240300975434465E-03		52
1.280000E+00	-2.0027125027560877E+00	-9.9530141866715516E-01	3.3129548647424630E-02	1.0000000000000000E+00	1.0000000000000000E+00	9.9765129082900794E-01	4.8406536089892926E-02	4.8406536089892920E-02	2.3487091709920084E-03		52
1.290000E+00	-2.0028764074669541E+00	-9.9504129824628262E-01	3.4695595686407933E-02	1.0000000000000000E+00	1.0000000000000000E+00	9.9752131330790994E-01	4.9724669977512626E-02	4.9724669977512556E-02	2.4786866920900870E-03		52
1.300000E+00	-2.0030478494625883E+00	-9.9477024405093695E-01	3.6312852519756758E-02	1.0000000000000000E+00	1.0000000000000000E+00	9.9738587921375998E-01	5.1061601607811639E-02	5.1061601607811591E-02	2.6141207862399227E-03		52
1.310000E+00	-2.0032270615884085E+00	-9.9448793069219588E-01	3.7982243595538062E-02	1.0000000000000000E+00	1.0000000000000000E+00	9.9724482694513827E-01	5.2417383340829404E-02	5.2417383340829245E-02	2.7551730548616886E-03		52
1.320000E+00	-2.0034142801160799E+00	-9.9419402538733492E-01	3.9704701034002012E-02	1.0000000000000000E+00	1.0000000000000000E+00	9.9709799129595500E-01	5.3792072366908417E-02	5.3792072366908375E-02	2.9020087040450620E-03		52
1.330000E+00	-2.0036097447378451E+00	-9.9388818767573772E-01	4.1481165305235691E-02	1.0000000000000000E+00	1.0000000000000000E+00	9.9694520331853143E-01	5.5185730933850742E-02	5.5185730933850652E-02	3.0547966814684765E-03		53
1.340000E+00	-2.0038136985626305E+00	-9.9357006911712398E-01	4.3312585946823870E-02	1.0000000000000000E+00	1.0000000000000000E+00	9.9678629017795894E-01	5.6598426579020145E-02	5.6598426579020131E-02	3.2137098220410163E-03		53
1.350000E+00	-2.0040263881140059E+00	-9.9323931297152979E-01	4.5199922323021217E-02	1.0000000000000000E+00	1.0000000000000000E+00	9.9662107499723596E-01	5.8030232367187490E-02	5.8030232367187413E-02	3.3789250027640755E-03		53
1.360000E+00	-2.0042480633300932E+00	-9.9289555385962225E-01	4.7144144426970798E-02	1.0000000000000000E+00	1.0000000000000000E+00	9.9644937669266287E-01	5.9481227134840352E-02	5.9481227134840338E-02	3.5506233073370735E-03		53
1.370000E+00	-2.0044789775655372E+00	-9.9253841740260917E-01	4.9146233727791352E-02	1.0000000000000000E+00	1.0000000000000000E+00	9.9627100979891825E-01	6.0951495741793350E-02	6.0951495741793295E-02	3.7289902010816112E-03		53
1.380000E+00	-2.0047193875956406E+00	-9.9216751984028517E-01	5.1207184064376285E-02	1.0000000000000000E+00	1.0000000000000000E+00	9.9608578428321159E-01	6.2441129330841533E-02	6.2441129330841422E-02	3.9142157167884242E-03		53
1.390000E+00	-2.0049695536227459E+00	-9.9178246762605904E-01	5.3328002588028021E-02	1.0000000000000000E+00	1.0000000000000000E+00	9.9589350534785270E-01	6.3950225596312055E-02	6.3950225596311985E-02	4.1064946521473166E-03		53
1.400000E+00	-2.0052297392849869E+00	-9.9138285699752604E-01	5.5509710756123147E-02	1.0000000000000000E+00	1.0000000000000000E+00	9.9569397322054021E-01	6.5478889062311182E-02	6.5478889062311155E-02	4.3060267794598778E-03		53
1.410000E+00	-2.0055002116675351E+00	-9.9096827352112549E-01	5.7753345379190899E-02	1.0000000000000000E+00	1.0000000000000000E+00	9.9548698293161320E-01	6.7027231371489387E-02	6.7027231371489360E-02	4.5130170683867175E-03		53
1.420000E+00	-2.0057812413163831E+00	-9.9053829160913898E-01	6.0059959723985527E-02	1.0000000000000000E+00	1.0000000000000000E+00	9.9527232407746091E-01	6.8595371585192563E-02	6.8595371585192522E-02	4.7276759225391950E-03		53
1.430000E+00	-2.0060731022548683E+00	-9.9009247400745726E-01	6.2430624675185779E-02	1.0000000000000000E+00	1.0000000000000000E+00	9.9504978056922944E-01	7.0183436495784027E-02	7.0183436495783860E-02	4.9502194307705187E-03		53
1.440000E+00	-2.0063760720029853E+00	-9.8963037125220332E-01	6.4866429958530786E-02	1.0000000000000000E+00	1.0000000000000000E+00	9.9481913036591507E-01	7.1791560951963887E-02	7.1791560951963859E-02	5.1808696340849237E-03		53
1.450000E+00	-2.0066904315996283E+00	-9.8915152109323146E-01	6.7368485428108041E-02	1.0000000000000000E+00	1.0000000000000000E+00	9.9458014519088045E-01	7.3419888197733901E-02	7.3419888197733776E-02	5.4198548091196740E-03		53
1.460000E+00	-2.0070164656279097E+00	-9.8865544788271298E-01	6.9937922420311049E-02	1.0000000000000000E+00	1.0000000000000000E+00	9.9433259023081166E-01	7.5068570225471004E-02	7.5068570225470921E-02	5.6674097691883562E-03		53
1.470000E+00	-2.0073544622436499E+00	-9.8814166192754627E-01	7.2575895175952004E-02	1.0000000000000000E+00	1.0000000000000000E+00	9.9407622381617622E-01	7.6737768142863538E-02	7.6737768142863483E-02	5.9237761838239165E-03		53
1.480000E+00	-2.0077047132072288E+00	-9.8760965880506857E-01	7.5283582329319199E-02	1.0000000000000000E+00	1.0000000000000000E+00	9.9381079708245812E-01	7.8427652551809682E-02	7.8427652551809654E-02	6.1892029175418840E-03		53
1.490000E+00	-2.0080675139189386E+00	-9.8705891864640527E-01	7.8062188454338433E-02	1.0000000000000000E+00	1.0000000000000000E+00	9.9353605361227804E-01	8.0138403932313473E-02	8.0138403932313459E-02	6.4639463877219795E-03		53
1.500000E+00	-2.0084431634580966E+00	-9.8648890540552625E-01	8.0912945628737548E-02	1.0000000000000000E+00	1.0000000000000000E+00	9.9325172906145121E-01	8.1870213007471326E-02	8.1870213007471160E-02	6.7482709385487784E-03		53
1.510000E+00	-2.0088319646264270E+00	-9.8589906619368972E-01	8.3837114852982925E-02	1.0000000000000000E+00	1.0000000000000000E+00	9.9295755078481396E-01	8.3623280994214871E-02	8.3623280994214857E-02	7.0424492151858883E-03		53
1.520000E+00	-2.0092342239978036E+00	-9.8528883112032650E-01	8.6835986422394471E-02	1.0000000000000000E+00	1.0000000000000000E+00	9.9265323755399881E-01	8.5397819220183815E-02	8.5397819220183663E-02	7.3467624460011541E-03		53
1.530000E+00	-2.0096502519943447E+00	-9.8465761829109155E-01	8.9910869652272310E-02	1.0000000000000000E+00	1.0000000000000000E+00	9.9233850035992666E-01	8.7194042590869977E-02	8.7194042590869852E-02	7.6614996400732804E-03		53
1.540000E+00	-2.0100803637153453E+00	-9.8400505044191877E-01	9.3062566228523713E-02	1.0000000000000000E+00	1.0000000000000000E+00	9.9201309680654071E-01	8.9011867584257956E-02	8.9011867584257928E-02	7.9869031934591567E-03		53
1.550000E+00	-2.0105248753533447E+00	-9.8332995663511680E-01	9.6293845514474022E-02	1.0000000000000000E+00	1.0000000000000000E+00	9.9167657435811685E-01	9.0852331986950766E-02	9.0852331986950724E-02	8.3234256418830699E-03		53
1.560000E+00	-2.0109841105403103E+00	-9.8263204363347578E-01	9.9605275960527109E-02	1.0000000000000000E+00	1.0000000000000000E+00	9.9132870108966109E-01	9.2715195548229795E-02	9.2715195548229726E-02	8.6712989103389301E-03		53
1.570000E+00	-2.0114583952721614E+00	-9.8191058056181291E-01	1.0299843211247206E-01	1.0000000000000000E+00	1.0000000000000000E+00	9.9096913422333932E-01	9.4600788791556339E-02	9.4600788791556312E-02	9.0308657766607122E-03		53
1.580000E+00	-2.0119480620086843E+00	-9.8116531893257264E-01	1.0647438803834580E-01	1.0000000000000000E+00	1.0000000000000000E+00	9.9059757710551122E-01	9.6509156758319739E-02	9.6509156758319670E-02	9.4024228944887319E-03		53
1.590000E+00	-2.0124534416356719E+00	-9.8039467940540270E-01	1.1003575182313824E-01	1.0000000000000000E+00	1.0000000000000000E+00	9.9021356104243108E-01	9.8441173144668312E-02	9.8441173144668298E-02	9.7864389575687775E-03		53
1.600000E+00	-2.0129748748178322E+00	-9.7959830830680183E-01	1.1368360894721806E-01	1.0000000000000000E+00	1.0000000000000000E+00	9.8981677179871197E-01	1.0039686282294139E-01	1.0039686282294134E-01	1.0183228201288011E-02		53
1.610000E+00	-2.0135127048956423E+00	-9.7877542174426280E-01	1.1741964357528796E-01	1.0000000000000000E+00	1.0000000000000000E+00	9.8940682281898740E-01	1.0237656850190018E-01	1.0237656850190012E-01	1.0593177181012580E-02		53
1.620000E+00	-2.0140672797071861E+00	-9.7792520480908740E-01	1.2124559681085061E-01	1.0000000000000000E+00	1.0000000000000000E+00	9.8898331239285120E-01	1.0438065051203298E-01	1.0438065051203294E-01	1.1016687607148672E-02		53
1.630000E+00	-2.0146389516925076E+00	-9.7704680962733126E-01	1.2516327018335119E-01	1.0000000000000000E+00	1.0000000000000000E+00	9.8854582275373193E-01	1.0640948768732583E-01	1.0640948768732564E-01	1.1454177246268054E-02		53
1.640000E+00	-2.0152280777693967E+00	-9.7613934997787299E-01	1.2916728993528931E-01	1.0000000000000000E+00	1.0000000000000000E+00	9.8809473828073202E-01	1.0845979191692946E-01	1.0845979191692943E-01	1.1905261719267899E-02		53
1.650000E+00	-2.0158350201236774E+00	-9.7520192014831164E-01	1.3326523922812458E-01	1.0000000000000000E+00	1.0000000000000000E+00	9.8762898301545554E-01	1.1053494887732362E-01	1.1053494887732357E-01	1.2371016984544427E-02		53
1.660000E+00	-2.0164601459279381E+00	-9.7423354222944825E-01	1.3746783212624736E-01	1.0000000000000000E+00	1.0000000000000000E+00	9.8714708711757937E-01	1.1263975991122105E-01	1.1263975991122081E-01	1.2852912882420584E-02		53
1.670000E+00	-2.0171038270175514E+00	-9.7323322106779420E-01	1.4176987165828611E-01	1.0000000000000000E+00	1.0000000000000000E+00	9.8664938247863576E-01	1.1477098297550027E-01	1.1477098297550012E-01	1.3350617521364315E-02		53
1.680000E+00	-2.0177664406675868E+00	-9.7219990935511669E-01	1.4617350770751011E-01	1.0000000000000000E+00	1.0000000000000000E+00	9.8613535732031765E-01	1.1692909972734344E-01	1.1692909972734329E-01	1.3864642679682281E-02		53
1.690000E+00	-2.0184483695437234E+00	-9.7113251158903979E-01	1.5068097475734590E-01	1.0000000000000000E+00	1.0000000000000000E+00	9.8560447713653199E-01	1.1911461616844202E-01	1.1911461616844193E-01	1.4395522863467888E-02		53
1.700000E+00	-2.0191500018651434E+00	-9.7002988073015606E-01	1.5529459675876811E-01	1.0000000000000000E+00	1.0000000000000000E+00	9.8505618328156430E-01	1.2132806377883659E-01	1.2132806377883650E-01	1.4943816718435626E-02		53
1.710000E+00	-2.0198717308385965E+00	-9.6889082865477405E-01	1.5998608024849276E-01	1.0000000000000000E+00	1.0000000000000000E+00	9.8449359103007783E-01	1.2355549461994714E-01	1.2355549461994694E-01	1.5506408969922243E-02		53
1.720000E+00	-2.0206139576912960E+00	-9.6771407150422750E-01	1.6481626486386555E-01	1.0000000000000000E+00	1.0000000000000000E+00	9.8390910069293203E-01	1.2582520521166593E-01	1.2582520521166593E-01	1.6090899307068036E-02		53
1.730000E+00	-2.0213770877473678E+00	-9.6649829508578911E-01	1.6975992950896063E-01	1.0000000000000000E+00	1.0000000000000000E+00	9.8330539665862537E-01	1.2812452365042684E-01	1.2812452365042676E-01	1.6694603341374615E-02		53
1.740000E+00	-2.0221615332904932E+00	-9.6524210720351344E-01	1.7481981349314907E-01	1.0000000000000000E+00	1.0000000000000000E+00	9.8268180805784611E-01	1.3045409985894871E-01	1.3045409985894854E-01	1.7318191942153820E-02		53
1.750000E+00	-2.0229677131456119E+00	-9.6394404257787425E-01	1.7999878197284888E-01	1.0000000000000000E+00	1.0000000000000000E+00	9.8203763020882817E-01	1.3281461916015586E-01	1.3281461916015569E-01	1.7962369791172012E-02		53
1.760000E+00	-2.0237960529168921E+00	-9.6260255724406907E-01	1.8529983481343432E-01	1.0000000000000000E+00	1.0000000000000000E+00	9.8137212215892766E-01	1.3520680459285520E-01	1.3520680459285508E-01	1.8627877841072431E-02		53
1.770000E+00	-2.0246469852415832E+00	-9.6121602241710824E-01	1.9072611639954809E-01	1.0000000000000000E+00	1.0000000000000000E+00	9.8068450397666551E-01	1.3763141951134286E-01	1.3763141951134247E-01	1.9315496023334655E-02		53
1.780000E+00	-2.0255209500609541E+00	-9.5978271775519419E-01	1.9628092638310318E-01	1.0000000000000000E+00	1.0000000000000000E+00	9.7997395377921737E-01	1.4008927044404820E-01	1.4008927044404806E-01	2.0026046220782575E-02		53
1.790000E+00	-2.0264183949096348E+00	-9.5830082394951699E-01	2.0196773148545438E-01	1.0000000000000000E+00	1.0000000000000000E+00	9.7923960446262515E-01	1.4258121024351872E-01	1.4258121024351866E-01	2.0760395537374729E-02		53
1.800000E+00	-2.0273397752249274E+00	-9.5676841455865858E-01	2.0779017848670864E-01	1.0000000000000000E+00	1.0000000000000000E+00	9.7848054009720020E-01	1.4510814156446122E-01	1.4510814156446120E-01	2.1519459902799926E-02		53
1.810000E+00	-2.0282855546776988E+00	-9.5518344699364732E-01	2.1375210855388088E-01	1.0000000000000000E+00	1.0000000000000000E+00	9.7769579194505507E-01	1.4767102071153473E-01	1.4767102071153465E-01	2.2304208054944780E-02		53
1.820000E+00	-2.0292562055267451E+00	-9.5354375254523127E-01	2.1985757308103301E-01	1.0000000000000000E+00	1.0000000000000000E+00	9.7688433405026476E-01	1.5027086190421468E-01	1.5027086190421449E-01	2.3115665949735274E-02		53
1.830000E+00	-2.0302522089986685E+00	-9.5184702532847032E-01	2.2611085123871039E-01	1.0000000000000000E+00	1.0000000000000000E+00	9.7604507834471121E-01	1.5290874201227930E-01	1.5290874201227930E-01	2.3954921655288824E-02		53
1.840000E+00	-2.0312740556956101E+00	-9.5009080999976558E-01	2.3251646945761639E-01	1.0000000000000000E+00	1.0000000000000000E+00	9.7517686920403202E-01	1.5558580582255638E-01	1.5558580582255599E-01	2.4823130795967898E-02		53
1.850000E+00	-2.0323222460333858E+00	-9.4827248807799847E-01	2.3907922310247151E-01	1.0000000000000000E+00	1.0000000000000000E+00	9.7427847737807960E-01	1.5830327190532220E-01	1.5830327190532220E-01	2.5721522621920342E-02		53
1.860000E+00	-2.0333972907129407E+00	-9.4638926267404433E-01	2.4580420062715938E-01	1.0000000000000000E+00	1.0000000000000000E+00	9.7334859320868983E-01	1.6106243915747240E-01	1.6106243915747229E-01	2.6651406791310384E-02		53
1.870000E+00	-2.0344997112283707E+00	-9.4443814140016191E-01	2.5269681054165699E-01	1.0000000000000000E+00	1.0000000000000000E+00	9.7238581903410504E-01	1.6386469410912735E-01	1.6386469410912730E-01	2.7614180965895074E-02		53
1.880000E+00	-2.0356300404152092E+00	-9.4241591719306705E-01	2.5976281156533948E-01	1.0000000000000000E+00	1.0000000000000000E+00	9.7138866066381302E-01	1.6671151909084334E-01	1.6671151909084303E-01	2.8611339336187001E-02		53
1.890000E+00	-2.0367888230430951E+00	-9.4031914674087136E-01	2.6700834639037885E-01	1.0000000000000000E+00	1.0000000000000000E+00	9.7035551778950313E-01	1.6960450137000693E-01	1.6960450137000693E-01	2.9644482210497172E-02		53
1.900000E+00	-2.0379766164575828E+00	-9.3814412615641007E-01	2.7443997953303190E-01	1.0000000000000000E+00	1.0000000000000000E+00	9.6928467317700051E-01	1.7254534337719973E-01	1.7254534337719971E-01	3.0715326822999430E-02		53
1.910000E+00	-2.0391939912765418E+00	-9.3588686349120986E-01	2.8206473981032487E-01	1.0000000000000000E+00	1.0000000000000000E+00	9.6817428045989851E-01	1.7553587415641406E-01	1.7553587415641397E-01	3.1825719540101625E-02		53
1.920000E+00	-2.0404415321474580E+00	-9.3354304764924845E-01	2.8989016804789292E-01	1.0000000000000000E+00	1.0000000000000000E+00	9.6702235032724793E-01	1.7857806218797762E-01	1.7857806218797759E-01	3.2977649672751949E-02		53
1.930000E+00	-2.0417198385733020E+00	-9.3110801327398829E-01	2.9792437071828726E-01	1.0000000000000000E+00	1.0000000000000000E+00	9.6582673486198756E-01	1.8167402975609820E-01	1.8167402975609809E-01	3.4173265138012540E-02		53
1.940000E+00	-2.0430295258166398E+00	-9.2857670135461423E-01	3.0617608041278338E-01	1.0000000000000000E+00	1.0000000000000000E+00	9.6458510972986333E-01	1.8482606909548982E-01	1.8482606909548963E-01	3.5414890270136570E-02		53
1.950000E+00	-2.0443712258961479E+00	-9.2594361597726305E-01	3.1465472479423484E-01	1.0000000000000000E+00	1.0000000000000000E+00	9.6329495377189389E-01	1.8803666081245607E-01	1.8803666081245599E-01	3.6705046228106039E-02		53
1.960000E+00	-2.0457455887013056E+00	-9.2320278010475232E-01	3.2337050934002215E-01	1.0000000000000000E+00	1.0000000000000000E+00	9.6195352493833108E-01	1.9130849640580744E-01	1.9130849640580694E-01	3.8046475061668937E-02		53
1.970000E+00	-2.0471532832940351E+00	-9.2034770305044955E-01	3.3233454143022650E-01	1.0000000000000000E+00	1.0000000000000000E+00	9.6055782790921762E-01	1.9464451482521516E-01	1.9464451482521503E-01	3.9442172090782261E-02		53
1.980000E+00	-2.0485949996813235E+00	-9.1737142028577545E-01	3.4155920316138977E-01	1.0000000000000000E+00	1.0000000000000000E+00	9.5910453978996713E-01	1.9804802837756924E-01	1.9804802837756916E-01	4.0895460210032826E-02		53
1.990000E+00	-2.0500714529829485E+00	-9.1426697794184975E-01	3.5106134267043393E-01	1.0000000000000000E+00	1.0000000000000000E+00	9.5758947801923289E-01	2.0152386857661825E-01	2.0152386857661825E-01	4.2410521980767245E-02		53
2.000000E+00	-2.0515834000256961E+00	-9.1102841878276164E-01	3.6091163253436348E-01	1.0000000000000000E+00	1.0000000000000000E+00	9.5599953028256024E-01	2.0509614423992609E-01	2.0509614423992578E-01	4.4000469717439844E-02		53
2.010000E+00	-2.0531315611595788E+00	-9.0763518114787378E-01	3.7110802456691055E-01	1.0000000000000000E+00	1.0000000000000000E+00	9.5433289805867516E-01	2.0876210801197934E-01	2.0876210801197917E-01	4.5667101941324631E-02		53
2.020000E+00	-2.0547167201952581E+00	-9.0408303889691399E-01	3.8155620876575325E-01	1.0000000000000004E+00	1.0000000000000004E+00	9.5260307930388188E-01	2.1248635863189921E-01	2.1248635863189896E-01	4.7396920696118151E-02		53
2.030000E+00	-2.0563397096904685E+00	-9.0036120381462559E-01	3.9233369897705700E-01	1.0000000000000000E+00	1.0000000000000000E+00	9.5079529659231621E-01	2.1629517001136592E-01	2.1629517001136564E-01	4.9204703407683750E-02		53
2.040000E+00	-2.0580013773586123E+00	-8.9645558498936584E-01	4.0347022024640439E-01	1.0000000000000000E+00	1.0000000000000000E+00	9.4890217925430920E-01	2.2019726033884288E-01	2.2019726033884282E-01	5.1097820745690900E-02		53
2.050000E+00	-2.0597011372363174E+00	-8.9236417699710902E-01	4.1447116245753846E-01	1.0000000000000000E+00	1.0000000000000000E+00	9.4700693186244289E-01	2.2401964839479024E-01	2.2401964839478999E-01	5.2993068137557157E-02		53
2.060000E+00	-2.0614428163224749E+00	-8.8804033363807899E-01	4.2634904358648817E-01	1.0000000000000000E+00	1.0000000000000000E+00	9.4493235636072448E-01	2.2811224926183471E-01	2.2811224926183452E-01	5.5067643639275625E-02		53
2.070000E+00	-2.0632258800452128E+00	-8.8348404743333953E-01	4.3739369872498890E-01	1.0000000000000000E+00	1.0000000000000000E+00	9.4297683470647131E-01	2.3188687740671243E-01	2.3188687740671204E-01	5.7023165293528681E-02		53
2.080000E+00	-2.0650514422424591E+00	-8.7866635211139499E-01	4.4989915841386174E-01	1.0000000000000000E+00	1.0000000000000000E+00	9.4073165674265236E-01	2.3612625170632118E-01	2.3612625170632112E-01	5.9268343257347721E-02		53
2.090000E+00	-2.0669205381801583E+00	-8.7356677935381533E-01	4.6303742929344344E-01	9.9999999999999956E-01	9.9999999999999956E-01	9.3833711121556695E-01	2.4054225602000109E-01	2.4054225602000098E-01	6.1662888784433073E-02		53
2.100000E+00	-2.0688343151195658E+00	-8.6816434615973692E-01	4.7672194783700816E-01	1.0000000000000000E+00	1.0000000000000000E+00	9.3580370029541160E-01	2.4510229458090954E-01	2.4510229458090935E-01	6.4196299704588247E-02		53
2.110000E+00	-2.0707938734628004E+00	-8.6251677673468374E-01	4.9087409504186930E-01	1.0000000000000000E+00	1.0000000000000000E+00	9.3314109900479536E-01	2.4977747767346467E-01	2.4977747767346434E-01	6.6858900995204612E-02		53
2.120000E+00	-2.0727988254632881E+00	-8.5626546685582616E-01	5.0714873750309530E-01	1.0000000000000000E+00	1.0000000000000000E+00	9.3002496371795884E-01	2.5510494032724679E-01	2.5510494032724662E-01	6.9975036282041075E-02		53
2.130000E+00	-2.0748537198568977E+00	-8.4963790220206392E-01	5.2308087636988720E-01	1.0000000000000000E+00	1.0000000000000000E+00	9.2691748791755202E-01	2.6027189343101748E-01	2.6027189343101664E-01	7.3082512082447856E-02		53
2.140000E+00	-2.0769585622240858E+00	-8.4252463765260821E-01	5.3979620462621014E-01	1.0000000000000000E+00	1.0000000000000000E+00	9.2359580410892783E-01	2.6564373649930245E-01	2.6564373649930245E-01	7.6404195891072127E-02		53
2.150000E+00	-2.0791147753501225E+00	-8.3483770898196685E-01	5.5741812633109677E-01	1.0000000000000000E+00	1.0000000000000000E+00	9.2002469119256958E-01	2.7125497007167737E-01	2.7125497007167737E-01	7.9975308807430506E-02		53
2.160000E+00	-2.0813239909022001E+00	-8.2648251194519828E-01	5.7607208955346190E-01	1.0000000000000000E+00	1.0000000000000000E+00	9.1616551774662136E-01	2.7713942671277680E-01	2.7713942671277653E-01	8.3834482253378542E-02		53
2.170000E+00	-2.0835880039768617E+00	-8.1734469175105218E-01	5.9590180316192032E-01	1.0000000000000000E+00	1.0000000000000000E+00	9.1197222856904603E-01	2.8333528352087345E-01	2.8333528352087317E-01	8.8027771430953916E-02		54
2.180000E+00	-2.0859088083311557E+00	-8.0729393509180547E-01	6.1706007702497989E-01	1.0000000000000000E+00	1.0000000000000000E+00	9.0739225260762679E-01	2.8988196307339237E-01	2.8988196307339237E-01	9.2607747392373208E-02		54
2.190000E+00	-2.0882876552999803E+00	-7.9596063908214365E-01	6.3727445075084121E-01	1.0000000000000000E+00	1.0000000000000000E+00	9.0291195864650542E-01	2.9607761411433442E-01	2.9607761411433436E-01	9.7088041353494567E-02		54
2.200000E+00	-2.0907283145293580E+00	-7.8331215216880246E-01	6.5786813239406439E-01	1.0000000000000000E+00	1.0000000000000000E+00	8.9823949605989928E-01	3.0233310069848041E-01	3.0233310069848018E-01	1.0176050394010068E-01		54
2.210000E+00	-2.0932332907636284E+00	-7.6860240771510402E-01	6.8536047228024866E-01	1.0000000000000000E+00	1.0000000000000000E+00	8.9182613996542714E-01	3.1059986484187913E-01	3.1059986484187874E-01	1.0817386003457281E-01		54
2.220000E+00	-2.0958060202480171E+00	-7.5145660134162517E-01	7.1595140210984154E-01	1.0000000000000000E+00	1.0000000000000000E+00	8.8444419909655836E-01	3.1969150408011465E-01	3.1969150408011399E-01	1.1555580090344157E-01		54
2.230000E+00	-2.0984501415441081E+00	-7.3074493394385864E-01	7.5187885581307445E-01	1.0000000000000000E+00	1.0000000000000000E+00	8.7542648477092633E-01	3.3023469613677098E-01	3.3023469613677092E-01	1.2457351522907369E-01		54
2.240000E+00	-2.1011703281145726E+00	-7.0429554449890297E-01	7.9127738127352654E-01	1.0000000000000000E+00	1.0000000000000000E+00	8.6507722622682637E-01	3.4164106733606631E-01	3.4164106733606631E-01	1.3492277377317358E-01		54
2.250000E+00	-2.1039730275140558E+00	-6.6800108006799219E-01	8.3956920589286543E-01	1.0000000000000000E+00	1.0000000000000000E+00	8.5167957239876768E-01	3.5541732984960139E-01	3.5541732984960023E-01	1.4832042760123235E-01		54
2.260000E+00	-2.1068674324337660E+00	-6.0781602841068794E-01	9.0816061865220354E-01	9.9999999999999956E-01	9.9999999999999956E-01	8.3113603138455117E-01	3.7463172412235696E-01	3.7463172412235640E-01	1.6886396861544878E-01		54
2.270000E+00	-2.1098729711712885E+00	-2.2294575082585806E-09	1.6274588150539500E+00	1.0000000000000002E+00	9.9023201399313954E-01	6.0644110411567653E-01	4.5865251486049513E-01	4.5865251486049463E-01	3.4687973483362494E-01		100
2.280000E+00	-2.1130189683770770E+00	-4.4586745568015032E-11	1.5354709687320955E+00	9.9999999999999956E-01	9.9346323377095291E-01	6.5480084920520454E-01	4.4723309163238639E-01	4.4723309163238606E-01	3.0546300985077074E-01		100
2.290000E+00	-2.1162691935150399E+00	-1.5085136888121008E-11	1.4875000096458697E+00	9.9999999999999956E-01	9.9489861607727259E-01	6.7449682620709361E-01	4.4204951720385294E-01	4.4204951720385155E-01	2.8970896239645449E-01		100
2.300000E+00	-2.1196075195462267E+00	-7.1230702167496945E-12	1.4501394464362880E+00	1.0000000000000000E+00	9.9585359770802784E-01	6.8847246725279165E-01	4.3810171624699956E-01	4.3810171624699856E-01	2.7878110296034903E-01		100
2.310000E+00	-2.1230249862497614E+00	-4.3034440557750277E-12	1.4181516595998291E+00	1.0000000000000000E+00	9.9656426448156787E-01	6.9969601998704722E-01	4.3475189604638503E-01	4.3475189604638487E-01	2.7013046482589054E-01		100
2.320000E+00	-2.1265152685933097E+00	-3.0458072270563641E-12	1.3899460791775700E+00	1.0000000000000002E+00	9.9710824944932330E-01	7.0918439547622969E-01	4.3174479258473297E-01	4.3174479258473258E-01	2.6284217068659660E-01		100
2.330000E+00	-2.1300734383497395E+00	-2.2084970294525040E-12	1.3646732356611735E+00	1.0000000000000004E+00	9.9753185223993790E-01	7.1745077371164456E-01	4.2895517881511364E-01	4.2895517881511341E-01	2.5646713638678109E-01		100
2.340000E+00	-2.1336954560518016E+00	-1.7964218418155220E-12	1.3415104636909285E+00	1.0000000000000000E+00	9.9787423877600434E-01	7.2483099118529359E-01	4.2633387791788868E-01	4.2633387791788624E-01	2.5076269871308454E-01		100
2.350000E+00	-2.1373779080137787E+00	-1.5529912914770155E-12	1.3199266414260444E+00	1.0000000000000000E+00	9.9815883260745020E-01	7.3153501664585419E-01	4.2385073835126535E-01	4.2385073835126391E-01	2.4557874102133775E-01		100
2.360000E+00	-2.1411178394449046E+00	-1.2675357601967479E-12	1.2996728908857966E+00	1.0000000000000000E+00	9.9839775846783352E-01	7.3769025165161639E-01	4.2147793867793765E-01	4.2147793867793748E-01	2.4081062803050013E-01		100
2.370000E+00	-2.1449126441084316E+00	-1.0667209299985190E-12	1.2806240601686629E+00	1.0000000000000000E+00	9.9859867484303089E-01	7.4338185031100090E-01	4.1919205800004739E-01	4.1919205800004511E-01	2.3638185599607939E-01		100
2.380000E+00	-2.1487599909885788E+00	-8.9609047086028187E-13	1.2626873436634722E+00	9.9999999999999967E-01	9.9876772511431400E-01	7.4867366320341089E-01	4.1697576065847702E-01	4.1697576065847630E-01	2.3223574371879016E-01		100
2.390000E+00	-2.1526577731777494E+00	-7.2023128859771420E-13	1.2457690397823065E+00	1.0000000000000000E+00	9.9891032326618090E-01	7.5361753097412365E-01	4.1481731507464598E-01	4.1481731507464553E-01	2.2832988593473461E-01		100
2.400000E+00	-2.1566040703604323E+00	-6.8144641668890224E-13	1.2297672668975732E+00	1.0000000000000000E+00	9.9903125348916499E-01	7.5825745971768499E-01	4.1270926623490800E-01	4.1270926623490672E-01	2.2463206428535845E-01		100
2.410000E+00	-2.1605971202304239E+00	-5.9968264220774248E-13	1.2145748321894059E+00	1.0000000000000000E+00	9.9913463214622422E-01	7.6263150973340132E-01	4.1064706542256585E-01	4.1064706542256518E-01	2.2111728952704088E-01		100
2.420000E+00	-2.1646352961597484E+00	-5.5880615321329458E-13	1.2000861841946842E+00	1.0000000000000004E+00	9.9922387592736395E-01	7.6677255627729890E-01	4.0862789623588924E-01	4.0862789623588924E-01	2.1776569364042619E-01		100
2.430000E+00	-2.1687170893872287E+00	-4.5810092291510799E-13	1.1862057442198644E+00	1.0000000000000000E+00	9.9930170321636291E-01	7.7070849152918641E-01	4.0664973023002587E-01	4.0664973023002576E-01	2.1456102393273097E-01		100
2.440000E+00	-2.1728410944950456E+00	-4.4930959034550241E-13	1.1728545875876653E+00	1.0000000000000000E+00	9.9937018622324425E-01	7.7446235717719658E-01	4.0471067254096282E-01	4.0471067254096216E-01	2.1148959268408055E-01		100
2.450000E+00	-2.1770059973102098E+00	-3.7690460063111681E-13	1.1599727336106136E+00	1.0000000000000000E+00	9.9943085976641632E-01	7.7805278199628980E-01	4.0280865659761506E-01	4.0280865659761472E-01	2.0853959729270502E-01		100
2.460000E+00	-2.1812105646928366E+00	-3.8242038691106999E-13	1.1475168567897807E+00	1.0000000000000000E+00	9.9948486108935453E-01	7.8149476761799685E-01	4.0094143456440995E-01	4.0094143456440950E-01	2.0570071689737179E-01		100
2.470000E+00	-2.1854536358900063E+00	-3.4314265791701789E-13	1.1354557029185885E+00	1.0000000000000000E+00	9.9953305983166107E-01	7.8480058544353848E-01	3.9910671114154816E-01	3.9910671114154650E-01	2.0296387366760221E-01		100
2.480000E+00	-2.1897341152142413E+00	-3.0986968194941194E-13	1.1237656502559334E+00	1.0000000000000000E+00	9.9957615319653026E-01	7.8798054343965740E-01	3.9730228393585271E-01	3.9730228393585176E-01	2.0032106900965954E-01		100
2.490000E+00	-2.1940509658203160E+00	-2.9185603238381391E-13	1.1124275126769629E+00	1.0000000000000000E+00	9.9961472520126893E-01	7.9104353608999067E-01	3.9552613244949630E-01	3.9552613244949603E-01	1.9776524845107804E-01		100
2.500000E+00	-2.1984032043737840E+00	-2.7515040654704374E-13	1.1014245760317869E+00	1.0000000000000000E+00	9.9964928045888257E-01	7.9399740689382781E-01	3.9377645537992112E-01	3.9377645537992084E-01	1.9529018037751508E-01		100
2.510000E+00	-2.2027898964399273E+00	-2.3339140997267781E-13	1.0907414970493281E+00	1.0000000000000000E+00	9.9968026301446755E-01	7.9684918294892537E-01	3.9205167372581695E-01	3.9205167372581534E-01	1.9289034632926980E-01		100
2.520000E+00	-2.2072101524599295E+00	-2.0119750325157811E-13	1.0803637321606201E+00	1.0000000000000000E+00	9.9970806717702143E-01	7.9960522928605271E-01	3.9035041524087971E-01	3.9035041524087888E-01	1.9056084314853369E-01		100
2.530000E+00	-2.2116631242116700E+00	-2.0916330377337145E-13	1.0702772764060762E+00	1.0000000000000000E+00	9.9973304424971954E-01	8.0227135353447043E-01	3.8867149034200443E-01	3.8867149034200410E-01	1.8829729709174278E-01		100
2.540000E+00	-2.2161480016758377E+00	-2.0057158111953220E-13	1.0604685750416287E+00	1.0000000000000004E+00	9.9975550723896800E-01	8.0485287982310072E-01	3.8701386555767325E-01	3.8701386555767309E-01	1.8609578953959022E-01		100
2.550000E+00	-2.2206645499142534E+00	-1.7864938186070564E-13	1.0512537065672867E+00	1.0000000000000000E+00	9.9977377113427746E-01	8.0732030801882970E-01	3.8536540411010867E-01	3.8536540411010833E-01	1.8394990589222687E-01		100
2.560000E+00	-2.2252109275614234E+00	-1.5944632353426803E-13	1.0419765312330547E+00	1.0000000000000000E+00	9.9979202815881529E-01	8.0974585218645556E-01	3.8374724722586206E-01	3.8374724722586134E-01	1.8186193773736958E-01		100
2.570000E+00	-2.2297869843363771E+00	-1.5531201601030847E-13	1.0329391355943183E+00	1.0000000000000000E+00	9.9980851820797811E-01	8.1210039171005133E-01	3.8214800052363668E-01	3.8214800052363657E-01	1.7982640544810105E-01		100
2.580000E+00	-2.2343920378400797E+00	-1.6059304667905477E-13	1.0241299289134436E+00	1.0000000000000000E+00	9.9982343493057813E-01	8.1438777243768390E-01	3.8056703211843845E-01	3.8056703211843795E-01	1.7784066858213887E-01		100
2.590000E+00	-2.2390254324764007E+00	-1.4074566801011729E-13	1.0155378656337213E+00	1.0000000000000000E+00	9.9983694961457814E-01	8.1661155307292088E-01	3.7900377099005073E-01	3.7900377099004995E-01	1.7590230983647542E-01		100
2.600000E+00	-2.2436865377854778E+00	-1.3349891172619282E-13	1.0071524420547211E+00	1.0000000000000000E+00	9.9984921372317392E-01	8.1877503124163431E-01	3.7745769709444876E-01	3.7745769709444854E-01	1.7400910831365840E-01		100
2.610000E+00	-2.2483747469251423E+00	-1.2830775369360748E-13	9.9896368325564799E-01	1.0000000000000000E+00	9.9986036120446031E-01	8.2088126713846687E-01	3.7592833349780014E-01	3.7592833349779953E-01	1.7215901688081120E-01		100
2.620000E+00	-2.2530894752832213E+00	-1.3612587689368568E-13	9.9096212385333116E-01	1.0000000000000000E+00	9.9987051056700560E-01	8.2293310489923666E-01	3.7441524006789401E-01	3.7441524006789384E-01	1.7035014287371952E-01		100
2.630000E+00	-2.2578301592062187E+00	-1.2878222614250024E-13	9.8313878574660463E-01	1.0000000000000000E+00	9.9987976672531276E-01	8.2493319181436575E-01	3.7291800834653355E-01	3.7291800834653344E-01	1.6858073154176045E-01		100
2.640000E+00	-2.2625962548315877E+00	-1.1747776614864975E-13	9.7548515529836965E-01	1.0000000000000000E+00	9.9988822262770927E-01	8.2688399550433134E-01	3.7143625731131563E-01	3.7143625731131552E-01	1.6684915174986625E-01		100
2.650000E+00	-2.2673872370126946E+00	-1.0752956178753911E-13	9.6799316171741256E-01	1.0000000000000000E+00	9.9989596068419639E-01	8.2878781919146627E-01	3.6996962980717507E-01	3.6996962980717490E-01	1.6515388355151087E-01		100
2.660000E+00	-2.2722025983268725E+00	-9.6681470334303258E-14	9.6065515782367972E-01	1.0000000000000000E+00	9.9990305401414592E-01	8.3064681521290284E-01	3.6851778948437702E-01	3.6851778948437691E-01	1.6349350732373938E-01		100
2.670000E+00	-2.2770418481581336E+00	-9.2639066455867862E-14	9.5346390391976810E-01	1.0000000000000000E+00	9.9990956753411331E-01	8.3246299692469605E-01	3.6708041812355663E-01	3.6708041812355663E-01	1.6186669421650501E-01		100
2.680000E+00	-2.2819045118472832E+00	-8.7082712821919021E-14	9.4641255510143174E-01	1.0000000000000000E+00	9.9991555890545136E-01	8.3423824915134948E-01	3.6565721326243733E-01	3.6565721326243705E-01	1.6027219771673928E-01		100
2.690000E+00	-2.2867901299028599E+00	-9.3249816829892945E-14	9.3949465197154980E-01	1.0000000000000000E+00	9.9992107936031760E-01	8.3597433734125881E-01	3.6424788606704950E-01	3.6424788606704905E-01	1.5870884616659392E-01		100
2.700000E+00	-2.2916982572673179E+00	-8.8716253691285462E-14	9.3270411433773182E-01	1.0000000000000000E+00	9.9992617442336329E-01	8.3767291559957835E-01	3.6285215941474225E-01	3.6285215941474203E-01	1.5717553610731524E-01		100
2.710000E+00	-2.2966284626332381E+00	-8.1066944477294166E-14	9.2603523707014823E-01	1.0000000000000000E+00	9.9993088454510537E-01	8.3933553378524017E-01	3.6146976617780624E-01	3.6146976617780618E-01	1.5567122634661359E-01		100
2.720000E+00	-2.3015803278052092E+00	-8.7491099506257973E-14	9.1948268691386892E-01	1.0000000000000000E+00	9.9993524566150482E-01	8.4096364387386713E-01	3.6010044771448618E-01	3.6010044771448602E-01	1.5419493266895901E-01		100
2.730000E+00	-2.3065534471032132E+00	-8.6818847353516203E-14	9.1304149876659502E-01	1.0000000000000000E+00	9.9993928969260548E-01	8.4255860579597952E-01	3.5874395258638819E-01	3.5874395258638803E-01	1.5274572312476972E-01		100
2.740000E+00	-2.3115474268040659E+00	-7.1175654312396030E-14	9.0670706984179261E-01	1.0000000000000000E+00	9.9994304499103659E-01	8.4412169295209094E-01	3.5740003552538474E-01	3.5740003552538352E-01	1.5132271384571028E-01		100
2.750000E+00	-2.3165618846176419E+00	-6.9325450560933827E-14	9.0047515031133329E-01	1.0000000000000000E+00	9.9994653674879619E-01	8.4565409757717602E-01	3.5606845666763393E-01	3.5606845666763359E-01	1.4992506533925942E-01		100
2.760000E+00	-2.3215964491950034E+00	-6.4639465455303521E-14	8.9434182947170848E-01	1.0000000000000000E+00	9.9994978736816131E-01	8.4715693607640397E-01	3.5474898105795422E-01	3.5474898105795338E-01	1.4855197921711469E-01		100
2.770000E+00	-2.3266507596659523E+00	-6.8061327426264206E-14	8.8830351713234645E-01	1.0000000000000000E+00	9.9995281680015158E-01	8.4863125438911358E-01	3.5344137840748580E-01	3.5344137840748563E-01	1.4720269531023530E-01		100
2.780000E+00	-2.3317244652036431E+00	-6.4659970325036307E-14	8.8235692064540505E-01	1.0000000000000000E+00	9.9995564285202809E-01	8.5007803337067966E-01	3.5214542306691748E-01	3.5214542306691660E-01	1.4587648912097520E-01		100
2.790000E+00	-2.3368172246142742E+00	-7.2118327682138694E-14	8.7649901861769242E-01	1.0000000000000000E+00	9.9995828146412624E-01	8.5149819412667349E-01	3.5086089416125610E-01	3.5086089416125604E-01	1.4457266956143716E-01		100
2.800000E+00	-2.3419287059499614E+00	-6.2842087258437797E-14	8.7072703273768748E-01	1.0000000000000000E+00	9.9996074695598203E-01	8.5289260320044535E-01	3.4958757582443922E-01	3.4958757582443895E-01	1.4329057692869449E-01		100
2.810000E+00	-2.3470585861431319E+00	-6.5786385123323475E-14	8.6503839925702297E-01	1.0000000000000000E+00	9.9996305224205562E-01	8.5426207750769334E-01	3.4832525747389026E-01	3.4832525747388965E-01	1.4202958107216104E-01		100
2.820000E+00	-2.3522065506609371E+00	-6.5682045666158800E-14	8.5943074151201448E-01	1.0000000000000000E+00	9.9996520901810937E-01	8.5560738892638577E-01	3.4707373407469627E-01	3.4707373407469616E-01	1.4078907971529564E-01		100
2.830000E+00	-2.3573722931782295E+00	-5.4641005920199579E-14	8.5390184454256679E-01	1.0000000000000000E+00	9.9996722792019166E-01	8.5692926847926587E-01	3.4583280635720798E-01	3.4583280635720787E-01	1.3956849690190726E-01		100
2.840000E+00	-2.3625555152678754E+00	-5.4705690151854507E-14	8.4844963246892624E-01	1.0000000000000004E+00	9.9996911865887717E-01	8.5822841007957462E-01	3.4460228096711182E-01	3.4460228096711176E-01	1.3836728154539385E-01		100
2.850000E+00	-2.3677559261071797E+00	-6.0030842667027180E-14	8.4307214890997328E-01	1.0000000000000000E+00	9.9997089013186236E-01	8.5950547384124665E-01	3.4338197054024044E-01	3.4338197054024028E-01	1.3718490606597006E-01		100
2.860000E+00	-2.3729732421993228E+00	-5.3697261345924388E-14	8.3776754042724610E-01	1.0000000000000000E+00	9.9997255051813994E-01	8.6076108897799286E-01	3.4217169370428185E-01	3.4217169370428169E-01	1.3602086510610176E-01		100
2.870000E+00	-2.3782071871088357E+00	-5.0151248807364164E-14	8.3253404277748355E-01	1.0000000000000000E+00	9.9997410735683689E-01	8.6199585632992515E-01	3.4097127501588953E-01	3.4097127501588947E-01	1.3487467431799668E-01		100
2.880000E+00	-2.3834574912101885E+00	-5.0975534725234405E-14	8.2736996964560205E-01	1.0000000000000000E+00	9.9997556761349748E-01	8.6321035056298112E-01	3.3978054484463371E-01	3.3978054484463349E-01	1.3374586921903756E-01		100
2.890000E+00	-2.3887238914485938E+00	-5.1759892813606461E-14	8.2227370349083606E-01	1.0000000000000000E+00	9.9997693773620611E-01	8.6440512208699949E-01	3.3859933921595869E-01	3.3859933921595847E-01	1.3263400411218851E-01		100
2.900000E+00	-2.3940061311122922E+00	-4.6586906322445553E-14	8.1724368814661863E-01	1.0000000000000000E+00	9.9997822370351575E-01	8.6558069873525356E-01	3.3742749962450014E-01	3.3742749962450014E-01	1.3153865106882009E-01		100
2.910000E+00	-2.3993039596155787E+00	-5.3008288488267923E-14	8.1227842284920115E-01	1.0000000000000000E+00	9.9997943106580400E-01	8.6673758724328520E-01	3.3626487282764278E-01	3.3626487282764217E-01	1.3045939897152722E-01		100
2.920000E+00	-2.4046171322919352E+00	-4.5884748948698330E-14	8.0737645741522857E-01	1.0000000000000000E+00	9.9998056498130383E-01	8.6787627455940741E-01	3.3511131062737909E-01	3.3511131062737876E-01	1.2939585261437236E-01		100
2.930000E+00	-2.4099454101965865E+00	-4.4609390607605226E-14	8.0253638833501528E-01	1.0000000000000000E+00	9.9998163024782172E-01	8.6899722901395260E-01	3.3396666964684002E-01	3.3396666964683985E-01	1.2834763185788109E-01		100
2.940000E+00	-2.4152885599179976E+00	-4.9199961574034064E-14	7.9775685559140830E-01	1.0000000000000000E+00	9.9998263133091303E-01	8.7010090136954854E-01	3.3283081110641355E-01	3.3283081110641310E-01	1.2731437083606037E-01		100
2.950000E+00	-2.4206463533977556E+00	-4.2336748895717408E-14	7.9303654005054658E-01	1.0000000000000000E+00	9.9998357238912272E-01	8.7118772577078452E-01	3.3170360060306747E-01	3.3170360060306708E-01	1.2629571721260463E-01		100
2.960000E+00	-2.4260185677583377E+00	-4.4287225708250624E-14	7.8837416130129045E-01	1.0000000000000000E+00	9.9998445729676189E-01	8.7225812060833763E-01	3.3058490789545164E-01	3.3058490789545164E-01	1.2529133148342014E-01		100
2.970000E+00	-2.4314049851383288E+00	-4.5543536252766175E-14	7.8376847584543119E-01	1.0000000000000000E+00	9.9998528966459965E-01	8.7331248930981176E-01	3.2947460669672124E-01	3.2947460669672091E-01	1.2430088632277561E-01		100
2.980000E+00	-2.4368053925346822E+00	-4.4729813246733891E-14	7.7921827555993750E-01	1.0000000000000000E+00	9.9998607285875529E-01	8.7435122106755070E-01	3.2837257447619755E-01	3.2837257447619739E-01	1.2332406597027587E-01		100
2.990000E+00	-2.4422195816516328E+00	-4.6853107884312639E-14	7.7472238636917190E-01	1.0000000000000000E+00	9.9998681001802925E-01	8.7537469151177971E-01	3.2727869227067352E-01	3.2727869227067341E-01	1.2236056565608498E-01		100
3.000000E+00	-2.4476473487558752E+00	-4.5572337720833804E-14	7.7027966707766538E-01	1.0000000000000000E+00	9.9998750406986203E-01	8.7638326333605265E-01	3.2619284450573688E-01	3.2619284450573599E-01	1.2141009106188662E-01		100
3.010000E+00	-2.4530884945377256E+00	-4.0119017067483981E-14	7.6588900832462325E-01	1.0000000000000000E+00	9.9998815774506933E-01	8.7737728688078642E-01	3.2511491882723786E-01	3.2511491882723753E-01	1.2047235781521132E-01		100
3.020000E+00	-2.4585428239778828E+00	-3.9961148790452179E-14	7.6154933162961436E-01	1.0000000000000004E+00	9.9998877359148586E-01	8.7835710067974482E-01	3.2404480594277696E-01	3.2404480594277663E-01	1.1954709101483933E-01		100
3.030000E+00	-2.4640101462195467E+00	-3.8669600050309463E-14	7.5725958850609676E-01	1.0000000000000000E+00	9.9998935398661337E-01	8.7932303197347006E-01	3.2298239947299684E-01	3.2298239947299667E-01	1.1863402478519618E-01		100
3.040000E+00	-2.4694902744456200E+00	-3.7799288502724857E-14	7.5301875962475906E-01	1.0000000000000000E+00	9.9998990114937070E-01	8.8027539719306136E-01	3.2192759581231573E-01	3.2192759581231567E-01	1.1773290185772181E-01		100
3.050000E+00	-2.4749830257607024E+00	-3.7706601016975792E-14	7.4882585401322088E-01	1.0000000000000000E+00	9.9999041715101256E-01	8.8121450241715416E-01	3.2088029399865065E-01	3.2088029399864976E-01	1.1684347317733826E-01		100
3.060000E+00	-2.4804882210776422E+00	-3.6063957264846020E-14	7.4467990828239272E-01	1.0000000000000000E+00	9.9999090392528933E-01	8.8214064380446522E-01	3.1984039559169647E-01	3.1984039559169630E-01	1.1596549753230519E-01		100
3.070000E+00	-2.4860056850084735E+00	-3.5339928411448730E-14	7.4057998587233109E-01	1.0000000000000000E+00	9.9999136327789850E-01	8.8305410800398332E-01	3.1880780455920238E-01	3.1880780455920166E-01	1.1509874120578788E-01		100
3.080000E+00	-2.4915352457594362E+00	-3.4071231470339729E-14	7.3652517631300052E-01	1.0000000000000000E+00	9.9999179689528617E-01	8.8395517254450928E-01	3.1778242717076727E-01	3.1778242717076716E-01	1.1424297764766919E-01		100
3.090000E+00	-2.4970767350299736E+00	-3.4436586379866016E-14	7.3251459449689982E-01	1.0000000000000000E+00	9.9999220635283737E-01	8.8484410620503684E-01	3.1676417189865363E-01	3.1676417189865341E-01	1.1339798716519785E-01		100
3.100000E+00	-2.5026299879154346E+00	-3.2501518981729342E-14	7.2854737996157071E-01	1.0000000000000000E+00	9.9999259312250321E-01	8.8572116936733336E-01	3.1575294932503556E-01	3.1575294932503523E-01	1.1256355663111633E-01		100
3.110000E+00	-2.5081948428133587E+00	-3.3954596067808857E-14	7.2462269618162334E-01	9.9999999999999978E-01	9.9999295857989912E-01	8.8658661435175401E-01	3.1474867205532925E-01	3.1474867205532903E-01	1.1173947920816263E-01		100
3.120000E+00	-2.5137711413331747E+00	-3.3543621789036556E-14	7.2073972986973811E-01	1.0000000000000000E+00	9.9999330401091524E-01	8.8744068573739432E-01	3.1375125463702058E-01	3.1375125463701975E-01	1.1092555408873143E-01		100
3.130000E+00	-2.5193587282091423E+00	-3.2342535942763940E-14	7.1689769028732586E-01	1.0000000000000000E+00	9.9999363061786006E-01	8.8828362066740429E-01	3.1276061348365486E-01	3.1276061348365475E-01	1.1012158624874394E-01		100
3.140000E+00	-2.5249574512163626E+00	-2.9522298641782402E-14	7.1309580856527111E-01	1.0000000000000000E+00	9.9999393952518667E-01	8.8911564914032082E-01	3.1177666680352684E-01	3.1177666680352584E-01	1.0932738621472192E-01		100
3.150000E+00	-2.5305671610897700E+00	-2.7560598930785171E-14	7.0933333703564838E-01	1.0000000000000000E+00	9.9999423178481128E-01	8.8993699428814510E-01	3.1079933453270714E-01	3.1079933453270603E-01	1.0854276984320671E-01		100
3.160000E+00	-2.5361877114459555E+00	-2.8403463873712014E-14	7.0560954857531122E-01	1.0000000000000000E+00	9.9999450838106696E-01	8.9074787264182942E-01	3.0982853827208551E-01	3.0982853827208545E-01	1.0776755811171757E-01		100
3.170000E+00	-2.5418189587076632E+00	-3.0687491768823659E-14	7.0192373596220070E-01	1.0000000000000000E+00	9.9999477023530314E-01	8.9154849438481654E-01	3.0886420122808872E-01	3.0886420122808872E-01	1.0700157692049146E-01		100
3.180000E+00	-2.5474607620309024E+00	-2.9413266295192688E-14	6.9827521124513858E-01	1.0000000000000000E+00	9.9999501821017112E-01	8.9233906359522941E-01	3.0790624815676904E-01	3.0790624815676887E-01	1.0624465690429806E-01		100
3.190000E+00	-2.5531129832344908E+00	-3.0472480904589063E-14	6.9466330512797669E-01	1.0000000000000000E+00	9.9999525311360060E-01	8.9311977847723201E-01	3.0695460531103763E-01	3.0695460531103724E-01	1.0549663325371843E-01		100
3.200000E+00	-2.5587754867320029E+00	-2.7110643304965417E-14	6.9108736636862422E-01	1.0000000000000000E+00	9.9999547570250324E-01	8.9389083158210758E-01	3.0600920039076007E-01	3.0600920039075968E-01	1.0475734554526628E-01		100
3.210000E+00	-2.5644481394659486E+00	-2.5960637546809677E-14	6.8754676119350877E-01	1.0000000000000000E+00	9.9999568668621108E-01	8.9465241001953932E-01	3.0506996249550417E-01	3.0506996249550400E-01	1.0402663757981229E-01		100
3.220000E+00	-2.5701308108441703E+00	-2.6252492152764888E-14	6.8404087272795988E-01	1.0000000000000000E+00	9.9999588672967554E-01	8.9540469565954250E-01	3.0413682207975606E-01	3.0413682207975529E-01	1.0330435722881633E-01		100
3.230000E+00	-2.5758233726782360E+00	-2.6239906727294696E-14	6.8056910044270624E-01	1.0000000000000000E+00	9.9999607645644140E-01	8.9614786532551194E-01	3.0320971091039184E-01	3.0320971091039128E-01	1.0259035628787537E-01		100
3.240000E+00	-2.5815256991239304E+00	-2.1920263932328557E-14	6.7713085961672548E-01	9.9999999999999956E-01	9.9999625645141299E-01	8.9688209097880101E-01	3.0228856202625437E-01	3.0228856202625387E-01	1.0188449033715884E-01		100
3.250000E+00	-2.5872376666235546E+00	-2.2408689858131853E-14	6.7372558081660971E-01	1.0000000000000000E+00	9.9999642726342042E-01	8.9760753989521092E-01	3.0137330969969645E-01	3.0137330969969628E-01	1.0118661860834227E-01		100
3.260000E+00	-2.5929591538501522E+00	-2.2565746038919555E-14	6.7035270939227110E-01	1.0000000000000000E+00	9.9999658940761371E-01	8.9832437483381644E-01	3.0046388939990865E-01	3.0046388939990837E-01	1.0049660385762252E-01		100
3.270000E+00	-2.5986900416534495E+00	-2.5047312596987387E-14	6.6701170498912832E-01	1.0000000000000000E+00	9.9999674336768662E-01	8.9903275419844286E-01	2.9956023775796692E-01	2.9956023775796664E-01	9.9814312244514883E-02		100
3.280000E+00	-2.6044302130074688E+00	-2.0360400457895488E-14	6.6370204107645003E-01	1.0000000000000000E+00	9.9999688959794097E-01	8.9973283219217937E-01	2.9866229253343507E-01	2.9866229253343479E-01	9.9139613216064654E-02		100
3.290000E+00	-2.6101795529598371E+00	-1.9314747055617299E-14	6.6042320449167324E-01	1.0000000000000000E+00	9.9999702852521399E-01	9.0042475896525298E-01	2.9776999258242925E-01	2.9776999258242887E-01	9.8472379396179463E-02		100
3.300000E+00	-2.6159379485825829E+00	-2.3809750502129728E-14	6.5717469500061143E-01	1.0000000000000000E+00	9.9999716055066690E-01	9.0110868075654016E-01	2.9688327782709767E-01	2.9688327782709761E-01	9.7812486479835675E-02		100
3.310000E+00	-2.6217052889244714E+00	-2.0626158289156179E-14	6.5395602487289006E-01	1.0000000000000000E+00	9.9999728605144977E-01	9.0178474002909581E-01	2.9600208922633425E-01	2.9600208922633364E-01	9.7159813131820885E-02		100
3.320000E+00	-2.6274814649647942E+00	-1.9734376705202508E-14	6.5076671847261625E-01	1.0000000000000000E+00	9.9999740538225712E-01	9.0245307559990640E-01	2.9512636874773446E-01	2.9512636874773424E-01	9.6514240889836997E-02		100
3.330000E+00	-2.6332663695685334E+00	-1.7155188698845440E-14	6.4760631186375484E-01	1.0000000000000000E+00	9.9999751887676591E-01	9.0311382276417618E-01	2.9425605934069499E-01	2.9425605934069499E-01	9.5875654071706493E-02		100
3.340000E+00	-2.6390598974428441E+00	-1.6922431116953195E-14	6.4447435242974971E-01	1.0000000000000000E+00	9.9999762684898474E-01	9.0376711341442018E-01	2.9339110491055287E-01	2.9339110491055231E-01	9.5243939686444318E-02		100
3.350000E+00	-2.6448619450948732E+00	-1.8739863062649487E-14	6.4137039850710664E-01	1.0000000000000000E+00	9.9999772959450606E-01	9.0441307615458433E-01	2.9253145029375338E-01	2.9253145029375327E-01	9.4618987349028627E-02		100
3.360000E+00	-2.6506724107907762E+00	-1.7682239342044851E-14	6.3829401903245075E-01	1.0000000000000000E+00	9.9999782739167342E-01	9.0505183640943765E-01	2.9167704123396565E-01	2.9167704123396443E-01	9.4000689198660170E-02		100
3.370000E+00	-2.6564911945159606E+00	-1.9681370560785368E-14	6.3524479320264782E-01	1.0000000000000000E+00	9.9999792050267011E-01	9.0568351652946166E-01	2.9082782435909854E-01	2.9082782435909821E-01	9.3388939820343048E-02		100
3.380000E+00	-2.6623181979364254E+00	-1.9712875327911601E-14	6.3222231014751284E-01	1.0000000000000000E+00	9.9999800917453308E-01	9.0630823589145371E-01	2.8998374715916603E-01	2.8998374715916597E-01	9.2783636169607137E-02		100
3.390000E+00	-2.6681533243613011E+00	-1.9247749513146532E-14	6.2922616861471681E-01	1.0000000000000000E+00	9.9999809364010206E-01	9.0692611099503850E-01	2.8914475796495531E-01	2.8914475796495498E-01	9.2184677500226755E-02		100
3.400000E+00	-2.6739964787063815E+00	-1.9198306372271973E-14	6.2625597666643340E-01	1.0000000000000000E+00	9.9999817411889957E-01	9.0753725555528619E-01	2.8831080592746200E-01	2.8831080592746200E-01	9.1591965294783334E-02		100
3.410000E+00	-2.6798475674587054E+00	-1.6700804556033078E-14	6.2331135138739113E-01	1.0000000000000000E+00	9.9999825081795624E-01	9.0814178059159700E-01	2.8748184099807877E-01	2.8748184099807816E-01	9.1005403197952195E-02		100
3.420000E+00	-2.6857064986421761E+00	-1.8641471912433578E-14	6.2039191860362664E-01	1.0000000000000000E+00	9.9999832393258170E-01	9.0873979451308884E-01	2.8665781390940820E-01	2.8665781390940809E-01	9.0424896952322600E-02		100
3.430000E+00	-2.6915731817840873E+00	-1.8026544921350177E-14	6.1749731261195062E-01	1.0000000000000000E+00	9.9999839364708065E-01	9.0933140320055972E-01	2.8583867615681224E-01	2.8583867615681219E-01	8.9850354336722060E-02		100
3.440000E+00	-2.6974475278825865E+00	-1.4916618255893349E-14	6.1462717591937832E-01	1.0000000000000000E+00	9.9999846013542515E-01	9.0991671008525599E-01	2.8502437998053981E-01	2.8502437998053931E-01	8.9281685106848072E-02		100
3.450000E+00	-2.7033294493750883E+00	-1.7942057679032903E-14	6.1178115899223540E-01	1.0000000000000000E+00	9.9999852356188224E-01	9.1049581622457221E-01	2.8421487834845643E-01	2.8421487834845621E-01	8.8718800938129797E-02		100
3.460000E+00	-2.7092188601074825E+00	-1.7577780408104484E-14	6.0895892001464447E-01	1.0000000000000000E+00	9.9999858408159792E-01	9.1106882037480341E-01	2.8341012493936296E-01	2.8341012493936285E-01	8.8161615370726851E-02		100
3.470000E+00	-2.7151156753042121E+00	-1.6451028790334144E-14	6.0616012465588143E-01	1.0000000000000000E+00	9.9999864184114884E-01	9.1163581906111624E-01	2.8261007412683814E-01	2.8261007412683792E-01	8.7610043756543646E-02		100
3.480000E+00	-2.7210198115391679E+00	-1.4809922288495928E-14	6.0338444584636175E-01	1.0000000000000000E+00	9.9999869697905264E-01	9.1219690664483810E-01	2.8181468096361700E-01	2.8181468096361689E-01	8.7064003208187815E-02		100
3.490000E+00	-2.7269311867073336E+00	-1.4768767275259625E-14	6.0063156356181346E-01	1.0000000000000000E+00	9.9999874962624646E-01	9.1275217538820774E-01	2.8102390116645604E-01	2.8102390116645587E-01	8.6523412549770085E-02		100
3.500000E+00	-2.7328497199972217E+00	-1.4927364838594316E-14	5.9790116461537557E-01	1.0000000000000000E+00	9.9999879990653884E-01	9.1330171551668415E-01	2.8023769110147972E-01	2.8023769110147967E-01	8.5988192269473213E-02		100
3.510000E+00	-2.7387753318640167E+00	-1.4854875234233172E-14	5.9519294245724730E-01	1.0000000000000000E+00	9.9999884793702909E-01	9.1384561527893315E-01	2.7945600776997997E-01	2.7945600776997964E-01	8.5458264473805973E-02		100
3.520000E+00	-2.7447079440034292E+00	-1.4706847720093945E-14	5.9250659698167818E-01	1.0000000000000000E+00	9.9999889382849927E-01	9.1438396100457919E-01	2.7867880879467161E-01	2.7867880879467144E-01	8.4933552843484514E-02		100
3.530000E+00	-2.7506474793262279E+00	-1.3345555031503996E-14	5.8984183434075876E-01	1.0000000000000000E+00	9.9999893768578474E-01	9.1491683715986394E-01	2.7790605240631988E-01	2.7790605240631988E-01	8.4413982590823694E-02		100
3.540000E+00	-2.7565938631663465E+00	-1.4356001703792277E-14	5.8777410140608144E-01	1.0000000000000000E+00	9.9999884770821523E-01	9.1540669839367339E-01	2.7712632483998717E-01	2.7712632483998662E-01	8.3896043205803933E-02		100
3.550000E+00	-2.7625470185031036E+00	-1.6621070958778577E-14	5.8514389772823994E-01	1.0000000000000000E+00	9.9999889258031571E-01	9.1592947620401122E-01	2.7636254851391345E-01	2.7636254851391279E-01	8.3386614587009120E-02		100
3.560000E+00	-2.7685068727793727E+00	-1.3612049518970797E-14	5.8253445891242928E-01	1.0000000000000000E+00	9.9999893552886743E-01	9.1644702222359697E-01	2.7560308991338350E-01	2.7560308991338345E-01	8.2882110288828401E-02		100
3.570000E+00	-2.7744733535263677E+00	-1.3583043311973863E-14	5.7994551705188269E-01	1.0000000000000000E+00	9.9999897664417126E-01	9.1695941386365731E-01	2.7484790958296290E-01	2.7484790958296290E-01	8.2382461273642321E-02		100
3.580000E+00	-2.7804463893724405E+00	-1.3933298865752276E-14	5.7737680954321124E-01	1.0000000000000000E+00	9.9999901601190733E-01	9.1746672693002473E-01	2.7409696861585109E-01	2.7409696861585087E-01	8.1887599843311745E-02		100
3.590000E+00	-2.7864259100212707E+00	-1.3635306262113374E-14	5.7482807894037802E-01	1.0000000000000000E+00	9.9999905371339093E-01	9.1796903566744348E-01	2.7335022864268288E-01	2.7335022864268255E-01	8.1397459604591882E-02		100
3.600000E+00	-2.7924118462306451E+00	-1.3862522301421798E-14	5.7229907281359493E-01	1.0000000000000000E+00	9.9999908982581476E-01	9.1846641280236130E-01	2.7260765182059882E-01	2.7260765182059876E-01	8.0911975435657188E-02		100
3.610000E+00	-2.7984041297917419E+00	-1.5928271862456112E-14	5.6978954361326284E-01	1.0000000000000000E+00	9.9999912442247474E-01	9.1895892958420866E-01	2.7186920082267396E-01	2.7186920082267391E-01	8.0431083453753466E-02		100
3.620000E+00	-2.8044026935089272E+00	-1.3578771658341299E-14	5.6729924853844826E-01	1.0000000000000000E+00	9.9999915757298363E-01	9.1944665582528884E-01	2.7113483882759876E-01	2.7113483882759809E-01	7.9954720983874836E-02		100
3.630000E+00	-2.8104074711800662E+00	-1.2734132453928170E-14	5.6482794940990577E-01	1.0000000000000000E+00	9.9999918934347309E-01	9.1992965993929621E-01	2.7040452950966076E-01	2.7040452950966065E-01	7.9482826528460768E-02		100
3.640000E+00	-2.8164183975773005E+00	-1.4892319400822917E-14	5.6237541254744683E-01	1.0000000000000004E+00	9.9999921979678119E-01	9.2040800897852493E-01	2.6967823702901850E-01	2.6967823702901822E-01	7.9015339738070761E-02		100
3.650000E+00	-2.8224354084282925E+00	-1.3092428022549511E-14	5.5994140865137099E-01	1.0000000000000000E+00	9.9999924899262982E-01	9.2088176866983840E-01	2.6895592602220858E-01	2.6895592602220858E-01	7.8552201382975445E-02		100
3.660000E+00	-2.8284584403979456E+00	-1.5136551173615141E-14	5.5752571268789530E-01	1.0000000000000000E+00	9.9999927698779412E-01	9.2135100344943865E-01	2.6823756159292544E-01	2.6823756159292511E-01	7.8093353325649165E-02		100
3.670000E+00	-2.8344874310705221E+00	-1.2686410323693833E-14	5.5512810377844324E-01	1.0000000000000000E+00	9.9999930383625779E-01	9.2181577649647006E-01	2.6752310930305567E-01	2.6752310930305534E-01	7.7638738494131859E-02		100
3.680000E+00	-2.8405223189322175E+00	-1.2264073121166837E-14	5.5274836509252567E-01	1.0000000000000000E+00	9.9999932958936422E-01	9.2227614976553585E-01	2.6681253516393177E-01	2.6681253516393150E-01	7.7188300856204678E-02		100
3.690000E+00	-2.8465630433541702E+00	-1.2652157711238503E-14	5.5038628374419030E-01	1.0000000000000000E+00	9.9999935429595466E-01	9.2273218401813795E-01	2.6610580562783009E-01	2.6610580562782982E-01	7.6741985394371423E-02		100
3.700000E+00	-2.8526095445758108E+00	-1.2068248873895221E-14	5.4804165069181743E-01	1.0000000000000000E+00	9.9999937800250072E-01	9.2318393885311090E-01	2.6540288757968045E-01	2.6540288757968017E-01	7.6299738081600246E-02		100
3.710000E+00	-2.8586617636886782E+00	-1.2321302683629407E-14	5.4571426064123174E-01	1.0000000000000000E+00	9.9999940075323102E-01	9.2363147273605772E-01	2.6470374832901072E-01	2.6470374832901072E-01	7.5861505857814454E-02		100
3.720000E+00	-2.8647196426205412E+00	-1.2502332834202865E-14	5.4340391195181892E-01	1.0000000000000000E+00	9.9999942259024377E-01	9.2407484302786747E-01	2.6400835560206071E-01	2.6400835560206060E-01	7.5427236607070097E-02		100
3.730000E+00	-2.8707831241199586E+00	-1.2297638188029977E-14	5.4111040654577314E-01	1.0000000000000000E+00	9.9999944355362380E-01	9.2451410601230744E-01	2.6331667753413707E-01	2.6331667753413657E-01	7.4996879135442410E-02		100
3.740000E+00	-2.8768521517411307E+00	-1.2344655023250972E-14	5.3883354982016707E-01	1.0000000000000000E+00	9.9999946368154125E-01	9.2494931692275217E-01	2.6262868266214207E-01	2.6262868266214134E-01	7.4570383149558370E-02		100
3.750000E+00	-2.8829266698291649E+00	-1.2749502784801145E-14	5.3657315056180821E-01	1.0000000000000000E+00	9.9999948301035591E-01	9.2538052996807696E-01	2.6194433991728966E-01	2.6194433991728916E-01	7.4147699235763531E-02		100
3.760000E+00	-2.8890066235056207E+00	-1.1914429993532234E-14	5.3432902086478329E-01	1.0000000000000000E+00	9.9999950157470530E-01	9.2580779835774252E-01	2.6126361861801117E-01	2.6126361861801095E-01	7.3728778839905224E-02		100
3.770000E+00	-2.8950919586544304E+00	-1.1671109419369493E-14	5.3210097605054885E-01	1.0000000000000000E+00	9.9999951940759546E-01	9.2623117432610869E-01	2.6058648846302535E-01	2.6058648846302512E-01	7.3313574247698757E-02		100
3.780000E+00	-2.9011826219081196E+00	-1.3672925570078394E-14	5.2988883459053859E-01	1.0000000000000000E+00	9.9999953654048590E-01	9.2665070915599523E-01	2.5991291952459161E-01	2.5991291952459139E-01	7.2902038565670998E-02		100
3.790000E+00	-2.9072785606343063E+00	-1.1582068616081079E-14	5.2769241803113287E-01	1.0000000000000000E+00	9.9999955300336318E-01	9.2706645320152714E-01	2.5924288224192044E-01	2.5924288224192044E-01	7.2494125702646572E-02		100
3.800000E+00	-2.9133797229225995E+00	-1.1734975202258152E-14	5.2551155092087753E-01	1.0000000000000000E+00	9.9999956882482000E-01	9.2747845591029821E-01	2.5857634741473184E-01	2.5857634741473151E-01	7.2089790351756264E-02		100
3.810000E+00	-2.9194860575716617E+00	-1.1544266979168626E-14	5.2334606074005763E-01	1.0000000000000000E+00	9.9999958403212375E-01	9.2788676584483909E-01	2.5791328619700693E-01	2.5791328619700682E-01	7.1688987972981302E-02		100
3.820000E+00	-2.9255975140766641E+00	-1.1432431147332226E-14	5.2119577783221060E-01	1.0000000000000000E+00	9.9999959865128263E-01	9.2829143070348208E-01	2.5725367009083627E-01	2.5725367009083622E-01	7.1291674776155625E-02		100
3.830000E+00	-2.9317140426169739E+00	-1.2811719263594812E-14	5.1906053533783969E-01	1.0000000000000000E+00	9.9999961270710813E-01	9.2869249734057469E-01	2.5659747094045432E-01	2.5659747094045415E-01	7.0897807704471252E-02		100
3.840000E+00	-2.9378355940441070E+00	-1.1152968615700384E-14	5.1694016913004803E-01	1.0000000000000000E+00	9.9999962622327498E-01	9.2909001178611128E-01	2.5594466092639689E-01	2.5594466092639684E-01	7.0507344418431858E-02		100
3.850000E+00	-2.9439621198699708E+00	-1.0726460968171746E-14	5.1483451775208244E-01	1.0000000000000000E+00	9.9999963922237944E-01	9.2948401926478674E-01	2.5529521255979926E-01	2.5529521255979926E-01	7.0120243280251793E-02		100
3.860000E+00	-2.9500935722553532E+00	-1.2835678823483842E-14	5.1274342235671277E-01	1.0000000000000000E+00	9.9999965172599004E-01	9.2987456421449688E-01	2.5464909867682067E-01	2.5464909867682067E-01	6.9736463338681956E-02		100
3.870000E+00	-2.9562299039986435E+00	-1.0862393102281692E-14	5.1066672664742074E-01	1.0000000000000000E+00	9.9999966375469773E-01	9.3026169030429495E-01	2.5400629243321110E-01	2.5400629243321088E-01	6.9355964314257890E-02		100
3.880000E+00	-2.9623710685248219E+00	-1.1523531408266948E-14	5.0860427682124298E-01	9.9999999999999956E-01	9.9999967532816592E-01	9.3064544045184494E-01	2.5336676729898328E-01	2.5336676729898328E-01	6.8978706584936864E-02		100
3.890000E+00	-2.9685170198746729E+00	-1.1525628247247114E-14	5.0655592151332751E-01	1.0000000000000000E+00	9.9999968646517434E-01	9.3102585684036099E-01	2.5273049705322675E-01	2.5273049705322659E-01	6.8604651172134989E-02		100
3.900000E+00	-2.9746677126942336E+00	-1.1836733961850277E-14	5.0452151174301085E-01	1.0000000000000000E+00	9.9999969718366155E-01	9.3140298093508289E-01	2.5209745577901388E-01	2.5209745577901388E-01	6.8233759727124421E-02		100
3.910000E+00	-2.9808231022244809E+00	-1.2014317389688961E-14	5.0250090086151500E-01	1.0000000000000000E+00	9.9999970750076728E-01	9.3177685349926764E-01	2.5146761785844773E-01	2.5146761785844762E-01	6.7865994517808600E-02		100
3.920000E+00	-2.9869831442911856E+00	-1.2215687415256124E-14	5.0049394450106177E-01	1.0000000000000000E+00	9.9999971743286897E-01	9.3214751460974699E-01	2.5084095796779765E-01	2.5084095796779743E-01	6.7501318415835690E-02		100
3.930000E+00	-2.9931477952950645E+00	-1.0887645987986425E-14	4.9850050052545036E-01	1.0000000000000000E+00	9.9999972699561979E-01	9.3251500367204643E-01	2.5021745107275351E-01	2.5021745107275317E-01	6.7139694884056161E-02		100
3.940000E+00	-2.9993170122020540E+00	-1.0699064113675261E-14	4.9652042898203608E-01	1.0000000000000000E+00	9.9999973620398264E-01	9.3287935943507827E-01	2.4959707242378626E-01	2.4959707242378598E-01	6.6781087964311717E-02		100
3.950000E+00	-3.0054907525338601E+00	-1.0605718842484381E-14	4.9455359205497917E-01	1.0000000000000000E+00	9.9999974507226275E-01	9.3324062000544750E-01	2.4897979755159227E-01	2.4897979755159200E-01	6.6425462265530130E-02		100
3.960000E+00	-3.0116689743586393E+00	-1.0709332174633721E-14	4.9259985401990269E-01	1.0000000000000000E+00	9.9999975361414051E-01	9.3359882286134044E-01	2.4836560226267024E-01	2.4836560226266993E-01	6.6072782952148662E-02		100
3.970000E+00	-3.0178516362819310E+00	-1.2286681503663967E-14	4.9065908119965662E-01	1.0000000000000000E+00	9.9999976184269801E-01	9.3395400486606350E-01	2.4775446263494910E-01	2.4775446263494907E-01	6.5723015732809115E-02		100
3.980000E+00	-3.0240386974377342E+00	-1.1388914791266209E-14	4.8873114192141726E-01	1.0000000000000000E+00	9.9999976977045035E-01	9.3430620228119177E-01	2.4714635501355145E-01	2.4714635501355134E-01	6.5376126849365793E-02		100
3.990000E+00	-3.0302301174798023E+00	-1.0409788910539917E-14	4.8681590647488004E-01	1.0000000000000000E+00	9.9999977740936929E-01	9.3465545077937717E-01	2.4654125600662075E-01	2.4654125600662066E-01	6.5032083066158333E-02		100
4.000000E+00	-3.0364258565730844E+00	-1.1578993513991808E-14	4.8491324707157429E-01	1.0000000000000000E+00	9.9999978477091156E-01	9.3500178545681545E-01	2.4593914248123772E-01	2.4593914248123680E-01	6.4690851659555459E-02		100
